RMDP0.9
49.10036732185758
38.968343674678145
56.73704314324369
48.483578783795146
96.0264967466462
45.06833498864664
88.46247229211525
43.48938775568196
42.09384184706789
76.57091709742143
53.6323305394993
42.49469465926747
50.05608044664811
43.01391294188825
69.64053100188919
34.52904206857744
30.72964711861114
31.80257893735521
92.5676804643616
64.36848962702848
58.69436522408117
47.08492108474943
38.42790635763023
44.18689841483397
38.072483720927785
39.22794665707409
101.88583853336048
67.44004532477813
47.08311839968703
5.244717628761593
17.950530259986664
71.36195613822275
11.446979062182395
78.61374328277229
69.02170808579713
112.5004627800903
80.4303518859994
38.48575511681956
115.76863644154693
81.46457197371504
7.594653880067255
46.67517560883147
85.0775024106276
9.418665650945961
27.682381829289447
38.48157710273378
19.55734872083612
80.53558525964719
20.17904151536017
32.29031120003027
46.776513278265135
63.97963525718882
38.8302030204671
88.09814864465865
69.31737332441574
64.05090380135537
25.18033367846086
155.33365348053277
126.52364420160576
78.2616147541316
42.52607131970936
60.279740427318245
63.170060865976346
45.69356785462934
62.81227565907083
30.96219524307678
112.73371769054268
64.7654552426589
52.00107057225822
27.76480353911557
35.44056712660632
98.6732662229372
104.4675204536758
61.81622748268015
55.08596666082805
53.28480130184175
35.796277902678156
72.61712035549542
24.52844032327439
3.00873340165298
17.509870788296364
6.366247655462003
9.381281722197084
44.42626244573736
43.46115553007268
54.98520830670107
101.2259531841978
73.25867429940644
19.501352451048266
104.0470106166629
37.72970114222932
47.927871158970135
24.91421021045182
27.398542713945503
56.50553026097984
93.27850177824294
64.61183817959804
64.17037920693194
73.33675656566892
33.2925405640513
95.4169559835641
61.18109144934597
17.944332499713383
27.382844967271698
20.84917848192736
24.37702189850393
58.53904225530647
61.77057529318528
0.7425206751228743
75.12631435246114
10.596982244593718
8.402291095586424
37.020080754768024
22.507390858360797
92.4434399462184
91.43316319171343
75.15129806425061
49.275972999475805
28.767831275373666
92.80658732312033
9.057545820704606
91.47604263983844
98.44313720334738
12.157196061049966
61.05100106906095
88.2827560062734
27.226960330906945
34.82438883338398
63.328812744536684
65.97973785134569
5.748053206953844
29.483337058254836
47.88201651610382
52.839144312278215
77.11416608509163
55.60455067409878
34.38567737725001
8.907307642530533
28.912822810864263
1.2657195943356288
7.9259857413130455
67.78609422639614
58.69555358860227
64.97601738982392
30.283032361948948
45.94603455165203
78.7304963320174
35.33701748925282
16.76160480414857
28.399864934816556
86.84334439480203
100.67881108430068
71.44740686949223
27.481769872022962
58.85864048547911
62.906976767094925
24.12699565480601
44.507474818692636
52.687790637291734
12.406667152061528
45.80328423770835
23.072147941303573
23.40695886198325
69.45530769257165
33.81786928184824
48.16852338554848
32.9505169565126
97.87023853132507
40.43986054131624
46.67465079472066
12.672535420490311
82.30544476881731
44.00652321633684
87.87514055412707
100.79082154031481
27.408504776172432
21.427568450472055
23.87094801757676
34.881378722190526
13.404353390380024
10.25917861129953
30.75335754316765
68.79298648227585
92.2738417381505
43.68612282026379
40.95234917992569
55.75574405371324
31.126904895133997
54.668160614125135
25.184303770509025
73.50688899682453
35.32816263628881
39.309558418463446
30.98066256796716
73.66640417832198
20.313707290739664
22.68609704936978
65.86900543725228
12.866871779762592
13.26650187542217
57.03058069167126
35.02632555441831
87.18063990674104
40.22597386318207
27.25426481951804
107.07934920428758
19.795252560805178
79.88799937092794
76.13579683176397
41.414174629893765
8.413249798356349
25.857777155891227
55.40311046265235
82.69731002902554
74.99985651123652
7.98608708689819
84.34372283866385
2.1173469415921224
34.9471266703919
17.004672113415662
68.84346783230761
38.19535596614694
57.53081614782812
64.71310779267874
46.22996907871679
64.2075047741222
68.54534578622642
74.77546982211723
63.81877666226093
52.30782260084712
59.86067122156326
28.001436644545407
1.7603446014665882
58.30518178240062
72.87771119167476
33.52661493787561
33.9068203337736
12.549147258672729
43.1371254220005
23.898137173988047
55.52724058374012
53.554923807705784
17.86257313084458
36.767260415721125
41.046127984325075
45.2336109342337
66.69175232195263
13.211497290922804
18.191501228223274
82.82200649786147
69.74613114426835
27.684850831152502
17.338099955112007
82.85146414469827
39.88544146136061
47.5537618877567
37.82559194898364
62.36526822993666
30.89811078107971
101.88371190133034
10.603145933507763
46.61660291491185
71.94911954938699
68.59781865479746
106.90978815845918
38.131058923425265
78.6839841233358
39.753263387549616
47.37373938383173
108.51741437291324
66.02221811824839
13.546973153551363
15.656734289481687
20.26436653422205
54.87097916845221
76.80479914510535
63.91633683440772
10.024258150964332
62.11208545437438
64.4695695555742
29.348194690543576
36.562455816136385
108.97846475863878
67.86960204212593
96.33291617364546
39.49562183237875
73.61820332378798
50.321650836179046
80.81093346228413
10.660024159647298
19.546941900810744
58.57722675112856
101.19261463170247
43.65377472709426
118.37967165598062
25.42494693463028
105.10622010964923
79.28999153446244
80.47245382967203
69.35140376891306
33.66883825814887
103.03182333316867
19.47653564592711
39.88358130536234
21.749873509812865
59.09570557115244
54.524530912806604
114.9206122601953
29.971377663932675
58.73438209469171
70.4110400777794
97.44783555785958
50.759389548980714
91.79546305902129
14.344550305091358
40.11831997220929
57.80169016062679
17.169232585391722
21.82585420863537
82.40510446729601
58.03386477617859
25.567750737441767
20.906725476249857
66.39864757091297
23.217698619139973
62.50226604123361
81.54514703982451
53.39658825474179
28.621596244493496
24.74194075211496
40.26935114050377
117.1705212402976
5.803999682249716
26.510151336546294
54.44727660759487
46.79303263080124
35.700378127622
53.29258889411187
106.46825549096324
66.25159916271967
71.43043449957163
38.225465053647554
48.19747743783424
22.11601789296909
32.65877347587079
53.84568038550219
58.26384992712312
41.008546641092245
31.683766091655347
5.599774684600442
75.55321533390429
18.97759474454883
18.784089275006846
2.6619919383231863
46.15757594540245
42.330092206554156
32.82663031097381
43.680644582754475
25.619580482851884
23.420417627058427
25.721050791634255
66.21450380060242
29.604261383519866
72.18476351333263
68.47137817614845
21.080264754089434
63.4841917839887
37.66414991427123
90.24924791648334
79.89338913719914
28.218173599245755
87.18378790474961
69.64139330960424
21.459118469235207
41.12377638848991
33.31303589742607
66.26163957131018
10.083332422961517
17.31659624565099
30.86303702797358
21.991335269123052
53.907580525678725
42.747031980309764
95.64246737419573
18.481952563348027
15.996480281709518
23.81547686213443
95.12776013395843
7.482531867447578
16.28581082208326
53.98552151842659
52.44233769219573
32.56009929748782
28.690831277258084
55.91813898045993
77.03411213826288
46.76946942134407
76.41218068160649
60.04276172019113
42.74832112837152
77.42506244729675
39.56129166294243
27.85092054710961
123.44216568843605
58.835963281159216
130.82245970369837
73.39524969754095
30.497481501647766
62.841279930567104
25.54641055318753
0.17961097458771141
102.56775617677665
54.01702923510617
23.40191801706418
11.018164121470159
97.91958130602889
18.82197608712169
63.56975494734432
56.166905277923775
92.6699285465778
28.5925706551099
40.33980217739324
52.685406227515664
2.4355909118205905
74.3284881475674
49.96026139954406
30.750036253476303
27.34975840891744
27.708665064383258
45.6470128770676
69.57561085366741
102.77508312150131
43.4314225620263
31.03249107371108
127.04611221853446
13.566598269478435
64.46786254623242
2.2982703545328547
45.886726815616484
33.58285991541432
45.75776868682805
29.946630196178656
75.763769737601
28.158695914843655
15.537281439975834
44.751720535036235
36.6481827241983
36.70855957665067
34.37025500326851
29.880791461524247
84.6079671892138
48.50579471612909
117.22778319733669
45.040852599473084
116.03184103409262
69.13507256842149
21.427221791617566
45.44821989519129
59.78504207264035
28.42819913425314
71.23879000377983
131.00966081704354
13.789438525631253
85.722296558441
4.660585626323118
52.72291149015957
32.82631003476508
35.492007420262205
5.932900393642971
60.237732829007605
10.914786463851355
4.029760205818755
61.4919610717006
104.55009736195427
21.519304098900122
30.886871431204643
19.184837609095524
8.2756436624966
74.83251229970672
18.158306520357456
54.775889837098305
57.245461038684915
31.867708166240753
40.53910132658366
40.06007376554445
12.933750344692333
77.48059253217792
75.60306511689245
28.78143481648477
74.02288901030268
60.918453056831936
56.44905745520363
97.88222133499391
50.53544948548094
72.6757390225404
62.327543597356936
57.64881320689652
93.50663344844574
68.90236860440471
69.08016679639412
22.793340332379294
50.36136631190688
33.129283138962485
24.425554135507337
17.111027795438027
90.13141437509685
31.226660148698326
92.6441716908386
63.39967204931015
71.51617705131501
43.058163717793896
33.08576834478685
63.033518318227294
11.553275453774141
73.42876606837359
34.43446852559679
21.330622268094185
67.92773068965792
17.149272772400728
61.71352789727309
83.4282818611295
61.051735830303194
42.20573970418168
35.767353328549234
89.65082785015363
56.03386498431799
74.69554303215133
50.66397934660273
94.30531878450985
8.263211622092912
54.73884948593392
32.66469268617753
10.552697084098162
77.81246966377701
90.93670120468263
60.98996573708132
66.39454897935
115.00175426181492
80.83259064337025
45.94616912531965
46.493565446960744
97.59240050159636
61.22698494419833
31.84756055029686
77.99745114250483
27.577817494161717
49.545909005603505
41.81847580699504
87.78863703398359
96.38508275337064
44.90883710471102
65.45594643923354
25.911538515482185
56.2001317304702
39.87927135096706
12.036916294363662
90.7996859935209
81.117409272008
115.13936897304465
69.6709229647598
19.132927836542166
52.57089647986245
23.722060150878832
66.74210316636812
41.575830734930435
69.3384189725879
44.73086290261432
17.804004061833933
35.42689920660906
62.86855975611445
41.30917619525385
43.33502648938207
40.881753643696435
50.10382815889592
23.75299428959299
48.476617351817346
39.26071770953427
73.00631490209061
38.87709239293962
107.91260892608958
20.038135848657497
25.20644966569897
56.100971856997624
69.38172351732872
14.986902463991951
41.929227755934676
49.53364337088823
91.13006524208514
17.642118917714644
89.45704990247049
70.74836831436735
37.85215223286072
48.811487377356684
19.883213526973773
13.189865967867584
61.980542259765926
97.6739892168417
41.31456348276211
69.24697413219647
9.070938381414393
103.19460427762986
54.99698234714843
62.86551435723278
18.59515631287524
62.17802574103328
0.8037616499194886
103.73398356557973
71.52902427136566
76.25891445840377
89.15362030970226
95.42575723635166
43.263724601494374
32.95042219194678
31.327584900904036
96.21033914615175
22.226447709666303
90.76807770929838
45.53639240927877
46.29514351059661
26.889824156646434
53.600256628934616
16.493741068855766
38.17975678383052
96.7528482633358
41.14202028031011
33.76389650760357
29.31852888879098
58.31739684430994
79.35962693167026
38.58717780786301
134.96924234609972
7.850359656888309
47.58466666442945
46.7166313755636
52.64531131197094
111.68242058474104
69.73733436109032
98.24799276182671
54.49206772186575
64.94960192277078
48.18805167544854
66.10146844513588
22.74587986069995
108.29167728797273
46.8665736571011
36.12637587662907
70.51754754932749
76.66773026841614
93.17886832036312
32.71060935946099
32.887657370977266
26.119467913476154
26.07457624932661
63.90249703056553
55.95675927662409
115.14547007169053
100.04315687392778
97.96533236302152
53.9677476783683
54.34158746097722
30.027010310754036
3.032025126703507
47.111167740074876
54.87324976299304
27.487682047025046
12.266187186920618
25.14246267249097
90.92516784495729
86.35145580244662
22.287725659408135
82.62895779475082
53.209365156418905
14.81000279542005
6.420152424619606
97.04650645207586
44.501321297406434
104.76034551733372
106.53529924107382
2.4253819310485567
57.697429456323675
35.129037229715614
67.49991375902094
32.23685331349675
26.21988984550557
5.869915100706949
26.60800960644613
52.9433740338654
92.0131248097803
88.32599611932704
23.60145475024246
18.23977773012578
68.24595524791302
102.42514269449015
54.10930120504115
14.261823724260022
41.25130789168906
54.54596171645275
76.50193989187767
33.25508299070905
32.08572847983531
29.172690836394246
74.36241993712154
61.46968025950847
75.10291506269702
8.659700200041723
41.250945963847435
60.448546762406544
51.748634347631295
65.12161003613129
46.46671287839894
101.84108070925515
53.24002031859658
82.13994533040398
101.86355444486811
27.025433854691663
28.21020834091273
61.7118257419649
74.82103596396105
113.02965437496086
27.629974453415183
27.255285223970862
24.70533204295554
74.02362308499761
61.03856446705349
35.578843104799276
128.37698040293117
49.899383882313636
64.3462436559428
61.710002006290885
81.98576803973458
39.444800795284145
36.054502375698114
32.849456478793044
91.30967071109393
49.0959658079156
32.60430385964322
39.475599330067595
44.74666036232318
40.865661868586564
42.41829073585547
30.64516185290114
96.28175536241994
74.63979842152547
17.59150919359744
33.0781196459164
33.885526167544455
16.02115615527946
87.0780603991361
76.43504644613235
94.78888862458756
47.53338019050112
12.859257040574004
23.23224905250897
20.23870144085664
32.29791649607611
100.02743839626977
39.41327649318407
49.63073665254046
57.48251481510938
49.09161769583392
82.31595491633556
13.58466848212905
8.204997125616845
20.072748437186696
19.977888240949163
97.63454843092642
17.998744940890717
30.885756486968596
43.738135182386166
53.07818877560711
59.158189234228395
61.68521037300022
41.48481751951118
36.74731527963128
97.32433129054927
93.258663772962
38.534978737191395
38.21625891273997
85.43746668113234
134.43916638063143
70.0123484527432
31.09762959805809
56.776680224343764
4.885044820807792
10.785473340475727
44.047929037253716
51.19334785041493
83.60550865381279
96.45190704379846
17.468779288856727
38.45207229979483
14.417035668050872
54.039648316167856
40.40352135467395
71.0435833725166
14.24994949966696
47.983002101485496
68.25416587284988
23.538172831190057
40.72466333669146
39.83366657019618
53.1771234854298
70.98621175057094
26.40872136444342
11.077535846082995
96.4946899349562
25.87003908376968
7.346623195888866
13.143940246202229
80.05605256506372
36.5223081027293
22.52885109569096
69.76740374036982
95.49013368115345
29.299090733231424
43.74706931634862
57.43876372320118
17.295691697723548
68.1709075266635
82.33722337440237
39.190294880735486
37.903745871261094
37.97788967511757
26.666402739278546
19.73777320193353
10.244888556675626
41.4601804071338
14.894130260754478
24.119209531738687
42.07925503502435
74.87929937603447
99.45447524574004
2.47892709443034
79.94568833178349
8.50879276117278
27.564777520302748
52.00646985717456
70.78992549178803
23.70018583614982
68.69920062928611
31.262971173773064
51.98643095887895
24.598700567631063
63.67184769651583
94.59361562132437
62.13481987494844
82.93209063212915
50.52217909309834
61.63909283523516
32.00616268681125
39.991102606524954
22.257446427470903
64.34253513351436
10.717489639390218
73.34494237802288
32.94663004248079
133.66523872967204
79.25823134637243
49.289485388045634
52.02564538017171
73.24770104319585
19.46526897105709
90.54744101217509
32.054282279970494
78.49906508527411
47.94911198652088
66.84468376631644
53.90402203687738
10.911558974960247
63.308017343946425
49.69601928555484
95.85295388454452
21.9320965042097
46.02682021265308
53.55095878988208
83.51156720511135
66.43036267467339
31.168676725709673
30.800011987097744
17.990203306276356
13.350895607274422
50.013452861188036
8.792374906429592
56.46439788242485
107.01210378221423
51.0426275288329
15.31311532725166
81.96110452532135
31.926745540369016
76.18899358961717
21.70177927309003
6.24938932150856
66.82614058996425
39.43004575348838
74.17085759376135
15.864418544708474
27.654146466915137
13.806614724640173
1.5052565764517887
118.16287966802335
15.85094531291672
10.3634822303602
120.45885822062918
14.854769641775885
99.91541597563779
28.976685964152633
43.18160312742023
34.502234859310335
52.63118729368918
116.74802234636572
79.53639010190693
18.839822946832264
53.19019085653245
92.74473348831003
72.44713142795716
24.731214748616257
26.642596373770623
29.761627032400142
53.91816476331666
56.363846378818856
15.584474136929133
51.634446405507624
70.16581637942237
25.883759511671325
67.97854945430753
59.47476333842532
123.14044773555862
104.50585375222673
49.86597091414838
62.608107327972704
11.599601895126202
16.248218016480966
49.24827615391156
16.01283951536431
32.975069333054364
39.863901092660846
100.90367495675493
84.10819901631456
52.26010462811361
69.13805470914488
71.15976362846541
74.63116734987797
17.30947081967921
56.92500714341191
62.221987255766344
30.269346297431863
81.54822919367237
88.15662053839442
29.653536355705217
38.75349627650216
32.27285116977567
61.710204023654775
89.0498239192231
53.625825161419996
15.400213608064417
98.27543950784987
38.985104038187536
108.88317267769004
83.31264050306528
3.008647735259756
42.56771246523202
71.31658332019123
6.421220042536354
81.97918464829488
76.71275765964785
45.00312398708615
47.06925611142158
23.179193628797265
28.181577536293418
29.0210310097246
49.625485541885624
3.264670740696334
53.13460829472914
38.08553020415023
70.5935253804629
69.52116579495969
41.80301703847999
100.44362123863964
65.41666628910079
95.50337544266222
131.55396540943522
85.2822545008919
91.38679971522407
129.2498666063079
53.57983205995345
74.12478897093986
4.998973340002283
74.89533798183632
30.04081313320107
53.86544644188782
70.68762117217528
65.32291945517467
52.818538839278624
70.38643533210428
10.585247289396053
40.77236385032685
80.5165670629933
16.04088297721477
59.33147650157959
6.8220396766117
135.08056096631225
19.163020264274003
7.416970172808155
28.197235026005885
123.76125052865622
45.0409762072246
69.39961229231201
63.50154634076049
68.62742310156754
37.56297972929908
17.40632835804804
59.724713562748526
78.60954616912333
62.09585360708614
62.88486239153361
27.285335246935247
19.4771027818757
63.880392441763235
5.125353829649437
61.52086273450405
17.479013183668695
66.60011865448598
80.76878190660567
85.47027993079682
80.44328144007017
30.01356197806492
96.45001685067842
53.536340334960585
64.46081813387715
65.21268966221143
79.15074464038038
35.53218600290252
35.257600618035504
20.321621973345128
2.416923157294321
42.31690000015401
47.909450892198684
112.7942065071985
88.04335026134355
50.490339747398174
50.3322335958912
13.668443117941054
4.909362086130922
44.56105463626176
6.898108824050184
126.71678712821222
36.33700281380175
57.7033861879835
109.34175298848868
54.14558599519331
52.74604496821303
104.60354039336343
60.78287479491394
92.80288425363624
63.084028799418746
93.00983045284286
82.95891090005067
84.93580827151217
28.77140789300923
43.23635066775576
89.98104397848249
53.95143538931436
43.92546200427268
80.48928710155428
47.878252401035105
43.33409294788218
47.46798320964285
90.21743245345816
70.2274235615933
99.64278974921939
53.37225788331657
109.3772856354476
59.968934294443216
76.57459080836094
33.380756181782694
55.52766903281666
71.55376792445394
90.74113821581896
70.10625735378217
111.9198037877207
88.37186095060835
115.45269442809318
49.229693698880816
47.97017263642897
28.280910386777897
58.02042569763455
66.36843466028338
43.5788149339678
14.366802642456038
75.47564834200506
72.78890974189525
66.75357255770079
21.27756191670507
71.93723185282701
49.31160879078414
25.576822502922177
56.33577172884868
64.53442273102091
6.298111938088758
68.58995198046877
12.130207408680953
80.90823708460155
29.170008308670848
95.67116643835719
99.00606315330371
56.20215147873703
31.84329593571227
4.94093779563583
81.23543084548791
24.66118366945832
39.01153824560005
70.91415849633927
72.271434431326
122.34029463817913
55.654367058353145
44.22207431146828
55.37021622485808
48.93623685401582
41.92720618690865
55.18249479628924
9.373769587178858
51.4856138185839
10.003436645628316
58.47259367268909
115.09270374976309
91.41841712061961
69.53770655966937
6.4621853676926735
41.229975328208276
11.494148512840367
94.70867229771947
33.99408349002061
23.749254335844263
64.06870376497518
34.40650412473386
142.31804711269598
60.76492028757998
9.416046909267843
39.051604458423846
24.47438485619829
50.35310512092104
85.0903877552237
10.67180336768505
45.8669128384258
8.827141022313047
56.867615529293694
24.61383727166669
44.14192424121047
22.325247099500345
24.068215602731897
17.48756486608515
27.565509520391288
49.052022770481614
47.29063603037398
38.60807270881856
13.944232631029251
75.97627286419196
76.73078681480254
41.9695904745919
31.74925919556002
42.237328182165015
58.36933299582278
87.08732939990202
19.570584168479105
54.17707985573012
31.66672230380686
62.97550191454612
44.872801424894035
46.16556714573324
11.413471161881303
102.47768291252358
43.93291514057647
20.407303138772637
29.083377360345523
74.68828275239531
66.19512161837051
50.73914419570311
55.067239559884754
79.0258356586729
36.795035598011
52.81694727239938
21.928261511800407
42.39118959619687
58.52374067699566
44.138021047223134
4.566252708996087
86.53190455008024
33.74904594460289
65.88612048005993
94.02569275900974
44.14960171501225
35.370875756921805
41.19614541070502
115.64242050994729
29.793935627689926
8.670109325951767
107.5607096504659
36.49682602996138
71.93093885065716
56.01885824113415
25.667269879300182
101.13124257053697
46.927163740961845
55.3200260010196
5.669420680254443
18.173223564221388
2.869279972853714
73.34292149488269
47.705184175448196
25.781444656012752
80.25978891235559
60.42927631277568
51.752966909140966
82.08849986216252
24.15141046076037
21.550503010288903
60.07848275425799
48.020068593002996
41.982917617896554
11.678861403038217
30.9568833991246
3.5287739984793474
39.93099025499018
25.92344721209699
110.82967565414026
10.024458036115414
78.92549120223919
20.905930608533158
89.81579516343956
86.4382679008696
37.68993112322053
72.72102823865207
60.29641183794845
82.61059570395898
31.082113367801732
83.81895991828611
70.62421171504151
73.33299650193575
47.98817263573248
45.10466810098149
51.060106143498466
26.650387342213573
51.701366754939734
14.502448081255592
82.9398315889279
14.404196159817177
56.40758576305807
36.36422692210243
10.871116073121101
46.47531225399478
53.53480019143308
66.31403677298002
30.483226253418238
28.315877027222946
36.52063601970155
42.57445491966778
22.284758794561867
6.805106250133293
9.906643455324968
104.39543425405525
34.94074854262617
15.518616011081916
42.32940547629454
79.40910189981906
29.96282004138627
99.95096716122336
10.570051643724302
82.89955605155231
68.13800236600616
55.70338556498892
43.36153649439449
67.7634091812118
51.85316768597065
16.831390282909965
72.76873232464247
70.90483532014052
92.39465336309505
49.30200404158328
96.3047211184287
67.43064022229206
61.79715203435668
52.08225131826388
18.554949862885866
44.11568057789243
54.93056701451585
28.680401732558128
53.56455562755617
127.87321603422596
71.6654669210461
20.08621444038599
101.97310370457986
12.93923774679526
29.11853860685044
46.09281250830167
67.53055495187722
9.525989516117585
50.764370803023795
12.782556680945422
1.7494537461460824
66.3856654340413
96.07628135155387
41.112982744065846
66.77201403417946
57.62687673177329
38.05347694023663
22.59205802067803
108.03487046968395
37.690891298428184
64.78672298723238
52.96195786494163
105.45142839336431
50.71417667568817
73.61491576037034
21.49737305233217
57.014595814937536
77.07615189797784
107.37279885222999
15.50905136574758
74.9376226764686
14.68002164239241
8.135895769978369
41.91127507096362
6.2103845605359815
51.36437561964366
90.0501586487265
68.8528770901896
64.25249630986058
15.177067095948436
2.210206218711182
39.256610373318246
20.53211069250968
83.69182030207723
76.01431737941866
35.840628286241945
41.653178901537125
31.44048778364651
101.53331651766807
37.106013853667875
24.782641151181092
74.47075000259551
68.70045456243487
28.610220558017485
42.42168188167604
21.863315500535453
57.2353948250818
52.26989909832825
65.04277749820267
36.44486157121027
35.10427725380571
0.6841107371928951
63.84758152819591
65.7522872443579
75.09817008566938
63.027743809252
38.53848887241498
39.548127831053506
40.5774780559275
1.695259490698468
79.45897031943471
29.110207631472605
34.62799040319309
58.26460699338818
67.37795307791244
55.32996516942789
20.549604482547764
63.755836450254044
15.711762108085129
73.93424683503989
36.84978489289866
14.950096790842139
86.08549663827456
48.71123020105592
98.572130117733
35.41905969495736
84.22090987825962
104.90045790073427
98.96332371453776
55.17670225312011
27.751228970500804
40.50998082983416
63.50032302017544
84.97906111250622
124.44589957253235
84.90675848445649
12.540221623296944
26.443128177257297
51.12062513002443
37.91327861371989
40.87072692266134
32.11628835562363
26.12159577731515
17.055438644702487
44.14681216700058
45.59139133681435
37.56222247265799
121.93777002020548
86.73631430827163
116.39264491143912
29.927645534216264
64.60059159616839
16.311678376000195
87.87551237492676
45.20798480340986
21.387650041212574
58.12897619251386
32.27892983213573
11.641684220952015
27.009810764890204
75.82615985082629
47.64021313019873
35.21017513346884
75.62070796299045
6.23101620082259
9.418059703936873
82.10733580436438
68.36762656800491
34.00152658805542
55.68851424435636
24.756803079039283
17.473557915772577
49.849748469639664
41.651624409322814
72.04633840858632
6.2350769800712476
64.83077581489539
56.884828565289936
60.087562861245644
57.02619355884163
71.8281243062767
124.90675664225013
62.609270989419784
25.63738202112173
73.5208406577969
62.65732007529375
12.811518180106473
20.091303960908032
43.52862607681374
16.416688648145414
94.10316622100947
41.26438830771842
81.21583363571888
86.63837136462578
45.918464674737066
112.69783328617376
39.698318063278265
100.78009409093721
71.66767521531702
19.579344236515247
42.90418160731203
43.50908758216985
95.78224693886193
51.077668507455904
14.774509529691818
62.630154725831325
60.83617734382467
51.51728995604332
25.023974118574134
87.0424209590574
64.37717903584934
82.58772410932202
21.6471942643127
32.41915804921871
111.35006236313211
51.63587657070115
21.71539504069131
37.87077141308434
4.607660305329365
83.65191965033178
43.87348001654449
98.56399150724974
33.375657450456465
39.21760730437106
61.94429458578412
68.99987977047472
49.97527332757257
46.61335509616769
44.96936385542756
2.9139084426667146
71.62645203828743
26.419535703835198
2.8870735013322584
59.291035276535474
17.868946497366302
38.102398599603184
26.95159570310758
37.70313814479199
69.43433304274218
86.03236876956272
73.03354268820082
105.60249199344977
14.493146117402805
54.13705426259145
67.89209897544403
37.8338676290248
80.95639056073811
70.72659248618616
61.48000982524744
97.96968995289612
25.537822516582477
6.065267493756325
17.614401654619233
69.58178702579873
70.26478096213285
45.774172435775434
62.43176024757701
18.858923920558784
56.70067123473631
69.52880501220491
88.17407621362453
70.46967184560637
18.443140696651678
11.533078543708118
63.05021967190115
67.78060614226158
77.6444591751865
104.6182843064467
42.36482095916139
31.305091385697793
65.18258807535186
89.71168227615058
58.67122145853717
61.463474711476735
72.26021307011686
52.1104242888472
6.120186390482152
20.85667069212804
18.19517959967639
39.384950663525856
7.550576609803935
45.103869045292925
82.80917739018442
25.473108580419602
26.92541029346185
83.29915196868512
13.2526336177347
17.90048796610055
58.17417682253002
31.55408199703164
84.45439924286767
80.15272008360408
27.30673365298579
66.60497403452206
21.914077661710945
39.08156297788171
7.78589793708251
79.67681636669226
77.82505633531458
18.74813277579325
36.78092436906441
13.696273153092248
78.88652184328554
38.088289651183814
19.18250960746254
61.345106948711816
63.285913765800814
36.82624927468904
79.4339449299822
40.984330534041675
97.21969081713787
65.10102901681465
39.46005457728583
26.284816405240655
35.71341045410287
46.46007901143998
31.705241418533532
37.54567414322356
69.42654759752533
55.276957888639
111.16872110302326
17.893638940588808
12.177725484889825
38.32265639198983
48.6548854112763
97.17019991291055
39.73658612309542
82.79259491279063
24.58708587198654
32.92491393751212
29.921439766944918
60.606890272028544
38.755443955679056
43.69963421222573
64.53304325692018
80.78260322511463
28.003023665469676
21.491771717744207
79.2782587140384
19.737577527875747
73.81654938544408
55.9041084440466
70.05056213991573
56.82546288041289
10.61754331475164
49.126182103379634
93.86810248836238
43.965555587675716
74.87189733603483
50.598266944524816
51.407515806421564
47.13396991467871
51.93729638775505
16.26559140158027
19.97998420536185
27.288794481955062
59.21360337429613
63.999491096939686
75.47897375411203
33.414473467421914
45.38145201709142
74.8081219735552
68.05420977951631
52.818490614864
11.979679122830545
96.88842544040943
49.10167904386494
89.23011633961106
96.18675153592294
17.401914409132853
26.956379665668276
29.65533804584193
78.76129986926091
38.953055895463095
65.10121529155734
28.557161739391578
56.17867508411872
23.03014158110696
70.00322229242416
22.450850601777017
27.520389102534885
29.727668948853918
55.622845555458255
56.76095179252009
27.529106364427577
24.96128264013984
64.75435992940773
91.60581527934843
12.8477738646754
90.1417629812936
67.13340841895017
67.89135472074626
113.86425562052904
52.75994756191725
35.413241052009255
115.03619209670563
39.13466856973833
40.7719153767432
18.30868959440754
101.44683622719373
8.441735516859088
19.144249448871555
61.37393897788674
18.01199248684261
58.12679514903081
87.61806777354666
48.55801075144547
56.91361103960826
98.3386576067483
27.511597380508736
43.645537361801765
15.266041211634201
36.208952718517004
75.7718889673716
108.46859217450893
33.28588041908432
58.5239917097331
27.576878592595584
41.38603269976546
8.145679350669642
87.25585988488788
10.770476387465655
54.449198254638915
31.628738864211044
15.492355571991025
50.39531814523776
27.972935453720574
104.84839419602169
99.06438339028712
72.60898337491689
107.88529564072795
19.689886979870003
66.9280723132602
32.02658129523058
51.68174887232203
26.534542037175004
38.9062906644188
21.880821555244548
46.69397067961828
41.93479397430297
22.56984806945731
72.50977644460063
43.81485682701706
83.80253280822198
19.655974129322214
9.757136705298784
33.29261841142333
113.81636950709749
27.33470994408443
26.509781327647932
67.08601967186145
41.90134998025098
58.68894015497419
9.910097188228168
73.4739651280943
98.16563504017702
28.06015019779011
15.562739735000063
20.350240508789557
6.3765204219730265
67.95497378005757
84.9677309610159
71.41373316510838
86.45363809043124
17.383213374603862
18.173083256452795
63.14915043325392
76.69387922749124
41.61158950649494
57.207750897170904
41.303044528831855
38.00357997848381
76.29814487706643
66.4267484765841
26.38393503601132
52.51236044300325
61.597792256096085
10.601671522171559
22.795423979356045
45.01229274270595
36.99136312073976
42.624345126844645
85.69410725481677
51.59629478678713
34.31970887732368
29.080782509554062
22.685156156168436
99.64100776923067
55.54729400867509
23.28162944154588
30.535672801220596
44.3142423442625
57.88696293497533
40.291823917386495
46.869410624533
78.29457566118722
75.38857315847382
93.541290151364
88.66149350242846
44.82320988660436
19.619888409673507
73.93675132309185
50.12586744432893
3.0260053665155655
84.26297836478057
27.70142080611632
67.04501288704999
41.919102708297586
42.008223556552316
55.98286486904195
29.12812349171713
15.047821296086669
116.25854819504121
10.422926444043389
43.09781707236467
76.04149040553563
55.09361274592486
50.694659292592306
42.84152916770129
110.0896527446654
24.71794681301991
53.201066439946466
39.276182739241484
17.39506524348248
17.746669515381363
80.95093855396286
18.335501563847878
51.48627952598453
19.582550421299565
40.03858434756573
56.21650160621377
24.613096689425646
79.93248196780556
73.33042863463635
29.564933419967804
67.02843713068992
63.829743225635795
52.4698449498657
20.18985781332935
57.48073512411496
108.20283183268882
47.6247725978753
77.33156123703675
112.156086014314
33.323388697763406
48.2725263839014
64.52188687528579
28.833172286134896
39.55422579357846
81.43859050412176
27.201425041902528
26.521650893088626
19.88300241320086
1.3932752496774718
57.37437287704279
116.53393322969721
79.51142432025061
65.8477788712753
50.86986349640195
40.3891476512214
53.04947479366111
41.51671788037253
18.81178965662002
52.21280441854058
11.634998534463232
110.76648647706416
105.53716381161813
72.21666367756787
15.540788883606146
4.626873536948072
26.45261714319974
69.58515193708243
59.247978936719086
31.763382828070903
30.392366378298824
66.81042399751946
117.48570450981516
74.39296338257367
34.22320576849975
56.26681755082796
51.880256797029524
44.99981058267009
57.37047351314119
43.729214294707745
1.8949807916829466
9.094414957097424
71.49108670591208
48.77057707765883
59.320203605008274
37.21189947336835
16.386137235634877
93.74034124137658
112.94985325601311
9.497750989451182
21.572620504022506
31.95194313651638
33.73549740492968
32.97281754927862
6.563346974871515
34.150145981965935
20.099896238147313
74.87353485836583
90.54205068323239
28.528748936034127
50.82346052757006
72.95727822013399
70.60974674563371
139.6446514650104
55.25403203331846
64.46202856043412
26.433797897018877
39.231311731288244
48.935574726883374
35.51510316217212
58.76210502164518
38.07196240373773
19.884700350962003
78.92184953873681
72.14286279478415
98.08554489527488
21.825646646807204
17.665029450152034
70.89765657381577
46.98475347673896
24.26107930919908
42.40223861324315
30.69130416212505
86.37617017354263
48.783689672876456
46.4785091961487
108.34624912946404
58.02051748809054
106.35460409854623
45.20053172644144
14.338278355133351
40.155682259321914
68.82032732327251
94.26242705791658
69.69250056774914
105.17659422306296
61.20298779892344
27.10617585542805
33.85564317825899
71.09667733893745
53.66480180889786
44.49265762448173
58.98980250464485
35.26086763482543
37.749893566751346
18.799230780330234
121.78250076415567
5.27773231949319
47.72188532013379
75.37678502434109
94.86795437367485
80.5190261919944
53.09017262919813
11.59096385318127
54.985751002542564
40.99128653136136
32.8258765296761
34.55836341144955
50.65301544229885
57.90288891706194
44.70691744207437
70.11210778602407
62.73003158440681
41.12712548562405
60.05078339916536
59.85082804497404
1.888154471446892
116.76425278626104
124.19723920408924
23.353227129536574
12.894188734082388
44.39896269822231
40.14424786542159
79.75440800331666
41.198203163675274
90.62176491954071
33.19144214267996
10.157700670267785
35.26914605753474
73.08848047373766
69.2160051115606
34.8277178127702
54.46747394645311
85.79028191429124
43.600952686362874
89.40426816238492
77.12299698215487
69.3691821048733
54.14318811349028
86.60986306437289
53.176716573691685
19.38212943554113
31.485078283822588
40.384742841502295
53.26099508578749
42.55197225161106
58.57444465394872
100.36255050845641
81.21459208646614
131.68347489394083
13.088915400742263
27.155342249072437
78.45287708343524
78.9085237815082
8.726876144093538
55.16899829291035
86.22131310251011
56.65639076019827
45.29468949567758
57.649620888320364
54.695651141625014
78.9007683603428
15.744190086105398
56.14862351561396
100.96027449301671
80.98550027496385
39.730437921591346
1.5709802648657598
67.2969103602868
64.12193150326722
69.15238751336031
37.541091093372714
63.959730543270354
21.406126192253723
22.965435521274078
52.91688600943058
21.141969773112788
27.319577016303064
50.2777518728155
63.99493785309942
51.10262088632524
21.60585523119677
18.195507034949685
70.67321302550111
15.136623352890915
45.08507484254402
26.798263211868537
102.9494252489231
61.338935755906235
36.572217029228895
71.04798913738298
10.043773601381165
98.29653646433746
9.531342478359282
67.53387699188683
52.52043197530572
33.46637311289515
56.165543201870555
81.82474903484973
89.96099853099965
48.63436197936854
83.16507123212476
19.01996664520309
72.19731408640476
30.042950821980895
56.24604988171214
78.49671281669234
59.01850289830651
56.674523478633446
111.09280201625592
48.38361305907026
27.36009764576542
19.459087472130644
115.48804324258376
45.04479559983658
13.532793017403474
82.0153127648615
102.6823276271224
87.58835301726587
13.443045120173542
67.50851084114807
54.7794982181595
61.553441909997325
13.805954203635409
40.7646457226938
8.687628055438687
80.4558912895481
61.913649359649106
32.41964402627735
52.5917025293862
58.33771154249254
17.315885109226322
59.19013395304643
54.34862924174892
36.608454237220435
26.385678635129967
40.00786407786345
84.73937622380612
55.979903367487196
27.219190875877825
37.37516621475434
52.89419288699293
25.636373817995505
6.4766968085162615
70.29465940813971
38.185733661784276
68.49421228049584
72.24040618955435
59.453615812240294
123.16678368585029
33.39492105451669
57.297077975685156
47.721557935248285
7.756499977888001
11.929315302719003
71.19959307020865
47.6197278019419
19.321023624352886
14.854941755518169
36.46126043730441
37.435082900622106
22.414508187684888
91.2779967471869
58.16647101361487
6.081293029468767
12.907233280658172
16.01253496006034
26.322496284359836
12.065067346687554
79.07797540455519
33.2255712654547
62.01835294459832
93.35718817738308
43.439594919016294
1.929286258299631
28.908385780266048
55.37145916591011
79.36098417188859
46.52605989192276
2.283761854357711
45.694199916621095
64.81636316433897
80.51371279104019
78.84428487233711
38.80288453613289
9.392177052137177
97.8465136655696
10.399806317456518
3.124976796110356
32.71047647638213
60.33017657410084
59.03813475369676
21.08342434074141
73.5153992176379
21.7641731810356
87.35562063957758
78.41521983081769
89.44815308497873
19.658192146238555
51.956396095136284
76.1889222575987
13.383628978347575
54.009089714564006
43.831641990873464
79.10346434623871
20.885195749353176
0.5725850783233508
29.503349604722146
86.79270488942704
6.343444967145285
29.405286370671426
56.600271648541536
27.85727992816736
29.58170758931909
75.6519488892351
32.45869608612085
40.89780641429124
51.471982344663004
29.971607574185246
43.69672903960687
64.25425675083547
23.603070181024723
46.58972293393609
107.14790373619556
28.84026808672494
40.53748346919807
21.639150556012922
83.90123471235368
74.33562179112204
48.178944589901356
30.68902046055236
70.19417431017335
13.856578033740012
104.98841928488335
18.970410008712232
67.46128413665153
4.089752581413379
42.518992642767515
86.27120542199894
50.37786918293589
86.67559472254067
86.48794498454616
62.91979225881676
144.55137908793535
24.297456442193244
32.99046288588129
17.763427217177878
130.55466179476642
20.923400283145266
62.275065226785095
25.494410069138635
61.816295701295296
28.87221979022374
56.09345873440607
97.56517374338208
88.74827995041359
23.1870888632417
22.045748833281678
45.246774502503165
6.863543099442262
74.48115501544511
40.27566027858474
17.042034537010053
1.1427865216235544
62.75384727590171
96.1555026950645
17.615984397798933
41.36227177174151
57.54838179301625
21.73234434307669
99.25442157849635
73.2722529888643
43.60334278730285
29.269291996164903
71.98901650040808
93.87931648656975
75.42798079605373
114.69698506043024
23.930246542157374
15.967536674366194
37.047693324774606
7.927410320115702
11.187507243545502
47.60619321881501
90.43254242003266
50.02178023224521
34.60386258510658
18.464475778801113
31.694594563704502
104.2369640803533
117.49856494099302
58.22219032739675
40.73376135581576
45.21493946449955
73.69008734772484
50.86729407649173
64.57499629933949
61.4865001941584
39.9187860944099
87.86725286290068
99.99337536642561
81.80910233630578
51.64066311429986
14.16997962371929
57.29353922608663
40.26567027343487
20.368002813095888
56.71080892023787
62.41328463824441
33.3622133095057
43.129691138965065
37.342840158507286
28.73195228768393
98.45733387264498
72.9547894854918
54.947864057305694
43.48478839680413
48.495743433133434
104.65394421325344
63.85890851160827
22.05975109387117
53.741083199861244
8.385642565227972
17.72821974654931
38.87167578864704
47.710960687350806
57.94914329775988
99.65703183528784
94.37926970320667
22.89598187414225
62.334029944094844
43.483765369133806
58.96929050482837
135.6101868827933
85.68454364268372
39.285826461080326
39.48022209318876
54.196983861525005
63.77781925627933
24.93351691126156
46.83870247337245
26.30325519841431
80.6974711443922
51.4637901521344
36.62189400676122
34.695166647177324
73.34621633532568
67.36348766655492
26.342432946212885
43.24822526820973
54.3901436620206
53.91653361070046
84.49354566394385
48.0696204819362
102.67809528475603
26.207675189084274
53.80600832806042
71.6179987277449
12.397196272581692
29.193352705322898
56.590335309585434
70.5010524808044
28.208522655467586
53.289760014475036
114.93277519777267
25.04625807892827
95.40539755135143
30.551950667273342
59.93336281955426
72.34502664447861
36.04182893087707
42.023434326141384
57.20652068125116
37.14551780141085
39.30330861422729
30.861933877651186
22.472845035028534
128.3368623030744
49.69604092880687
63.000026413466344
60.03520113802757
44.08653858769999
106.83755309845824
82.40463808509503
63.488987335896766
50.49417471469743
24.841782875910358
27.96180415639384
61.54303511784127
96.14185728718
11.46186161996862
2.3911182695371385
80.46267183234156
43.97113947121221
132.54884695563405
29.123802407954685
45.76161625400039
39.68933301384046
46.82014338435685
118.69496784473927
60.89231259689597
5.876355628329325
23.936514928169245
66.29058539736651
23.16682958778007
52.01077547065401
98.96734224307136
53.239795377322174
94.02084694801556
35.13479624757813
43.34316428045121
27.97074784803468
105.89918468482634
17.118225380490234
115.59757220802463
87.17007474073608
60.35948791047949
43.98289725789355
83.82640436710889
10.381539196148768
49.290639982483604
67.14569050942625
13.597327567375283
7.178561391446127
1.4045565828246664
4.910399187972525
66.04534642137256
8.67335270437908
60.528864527013546
40.32534500277734
132.9521321611095
69.55486738133253
35.60901352249596
81.5973371764462
25.541437787252956
41.52706198854554
37.876903459105115
62.40109531745626
75.31402481230089
126.57840948964615
21.891769545675526
84.044008836751
86.43955190908308
57.909910419887844
26.997639526048598
77.23381948276413
64.5529698703367
63.51603505451034
101.46403828092579
84.57324164550862
74.85032072416568
66.15013699278067
38.51634490382137
11.931784400136236
8.983265064888696
62.38520637547502
3.735221484818142
74.56253370099597
42.769544993674316
45.21040625739158
23.42522811429779
65.78247039486936
71.43708411792183
25.599346216158608
50.56922884191217
43.01221189585219
34.21439218450337
27.458940201851004
71.15649667687755
93.41656805893474
44.958117146451976
5.510509991319797
64.34901809602931
99.6780021329887
37.87037691098427
68.04245395194764
44.22791867290884
22.37863012944803
10.395240251625738
76.58361312452654
37.97985514691489
51.910006977506065
24.45177142335461
75.08084161566622
26.920719666912547
21.944202436829
39.78778153939835
51.60778308770074
24.590984202726915
47.55062527157138
69.06054105631519
67.02404535500217
54.0632285305708
12.859250345311047
40.959607737436464
52.0598002548596
37.51073974600026
48.41384759381396
92.18946439507411
59.699066976083515
56.886984247841035
82.4446833395107
115.52893800064915
36.59545242352011
26.289647114786074
41.28505612987029
53.0864297030057
83.53281006424041
9.491999789484083
32.89517040494595
74.52675137042408
89.2811857825165
12.835240616557826
93.5266423099577
25.037456594182395
61.544109474263024
74.88414660194064
37.57781607889028
70.65432128732897
35.85931945529323
82.48078216604362
100.94200148564673
61.65528389938423
66.12261937541753
53.27212839546941
129.39305879769907
74.15366082057537
14.46807604396577
66.0686328139738
19.69040892727141
61.77599935821685
48.581441274142826
79.50686568720813
49.67290827750546
45.317480109536
5.023630265509145
79.89686834850761
17.96984567027727
43.234886832830206
55.434621188077905
79.88104055378322
37.21212078506131
9.176544247246644
41.4360323435682
44.05251175607026
63.73153861917158
23.531913817895724
31.08333957953056
65.1197914188184
49.26572282560987
90.29479084965051
38.64513614174969
19.948776541584472
0.6487283972806792
26.371468398701513
36.77390162290124
57.53851896027502
3.2975467989147162
19.393224782658706
79.89643431568341
44.749488441424624
28.62452575130542
19.133723283146896
25.600891265591294
58.699553466105556
48.30450904789567
115.13705779936099
45.47177185805079
13.823173533583313
30.401753584851352
56.42632832691227
27.583092806451138
11.671258649274016
37.13004167917886
3.6472176657930446
32.930437357023976
19.284528739610316
46.795366816953866
34.517402000864294
77.54497714091671
50.698049631680185
43.186282210881366
45.244225667279565
30.928027879933843
48.72069550067801
76.57154423449511
38.09731046667916
57.60188277063068
83.07496724759982
97.21219343489902
61.392354843597985
63.24738555313281
116.96315775242209
29.35818370208733
17.50181217361436
29.044743572758943
39.38313255654995
83.93713907400523
34.43092436811928
67.5547180574574
41.76070837950431
27.399084524064207
114.26084145175768
49.214444206338406
25.98320637003669
30.628153008500718
20.931390694833915
54.700865503787774
56.79234004348827
36.128135690124836
15.045680225162329
44.60442851932108
95.67791597806162
20.526952099625728
39.12518297223037
10.024079616049184
51.37173944956105
0.5287527347099622
94.01276327845883
76.15905390609676
47.11529609258857
86.0194938728482
54.9449065560672
98.37720352689166
74.17899659034441
83.62663339800656
40.53352010174914
51.804841903231015
36.77296090977699
96.10818585475003
64.19077095332634
20.46993587680303
52.495364511971104
24.58350357956157
29.503909852754425
42.31154156455228
5.428125075629203
64.03699920501903
87.05163759944205
4.350997564297183
14.14696121354831
57.26927951713011
78.3694429965113
84.53506716320948
16.80332900393937
39.779982160707206
74.6170475337065
19.670855742440608
99.08948713149958
6.752765469043495
63.341796186919694
97.91088089806776
71.04015305315693
60.31582828815202
26.460160175989483
42.540271178526396
26.30975839126098
84.5893457985609
101.48789428689415
18.77400717104553
52.358608487747965
18.41927971957958
73.28081768862276
61.011161287151104
58.61280856555028
10.050521874367824
46.51198708525352
44.329832320170276
24.976882343722547
11.670066441387005
45.47198656575711
61.145184645706465
40.498828729815585
25.159706806317438
68.06579135405563
63.06261275960068
14.613733070070626
50.902600601523105
38.98988789256744
65.23240939344525
18.412883329147967
64.41546393764993
22.93441322170663
64.63086343940333
56.893937938039564
25.30993444965443
15.333167318886504
31.569386431455182
26.038103112364038
29.19495648967031
45.8463558091869
31.938381550534668
39.56669829554536
67.62393360677815
27.664255312838275
58.28553066753704
12.15507098821176
103.63415068299983
11.129064049708486
19.81329818569091
21.48167078319852
19.104413170797365
61.96837935916363
26.726990960890767
41.49323256550191
34.143317516994294
64.89490922070632
19.782198404997494
87.31106533953391
73.88970375812976
24.087644040991172
87.1034511515648
40.9002339833884
13.18347999242593
51.4378806932942
25.69252362924264
10.689957457700986
43.97309820036902
0.25545476421303676
35.11071819232514
8.603267340985528
38.837510269308446
41.358751327226415
43.15642677272869
27.681266615334735
60.45318089381762
60.561212827187816
45.39718447999316
109.30741974216755
79.09705529906677
70.09810681442671
33.013391906616334
16.05509861299059
66.48923132341447
19.450047054085854
108.59855853319348
42.9639825356558
16.47287540762322
26.133914785627052
21.41246063174525
65.51159268076118
78.4619689855163
43.867899770328876
53.76799581738075
39.97716259760662
35.532786562504704
60.32780964916583
63.77959484184287
33.28345491223234
45.224010296157026
80.01845031646026
76.13924891232185
88.68345540886777
112.78575184710505
103.21310678317809
25.002725709034888
21.23408751207982
77.85070209788576
82.54833888805072
63.85063744337056
44.344481004245694
75.82836181325808
94.77234906406123
47.043270571355436
87.86589458991752
63.19374657346219
80.93912403920581
85.54865999136284
42.32310055854108
70.98925293271927
18.406669883494757
35.55669591275877
81.48412854949821
13.480724050687273
20.858139675929518
19.378478041732777
2.717160788744733
24.44472510476761
52.0043139382958
41.382788082412176
7.468287443773864
51.42330283094187
96.7242816090701
59.98881698676312
79.12113342866036
53.015983222761115
73.62521549733087
57.95713677920364
34.15603201019944
68.58643032228291
21.031312779822013
54.55646015671644
33.50026457075133
64.46920402347972
51.24708096932
74.07211492622005
36.608449483122
69.93027233995564
97.03941183192495
59.2853595193449
82.48767403073958
6.817585052924345
10.455332160061616
51.05781424238108
89.26026336431184
9.314247651006156
56.56701928094878
34.80260890047758
41.12025794739641
27.08387622740823
116.4118595605914
63.20749898615692
62.59711633111118
5.156435330620069
37.14981646419687
37.30631644523009
7.565174046898124
99.48287082165064
62.04884714472733
51.178872118648066
42.26471891913631
63.24568103381886
75.02889328596507
72.58306909083522
127.28423691228056
60.53327832656152
63.2689907476894
75.29948209107495
88.60669849219796
63.25677157182301
95.14623978122285
71.07308416683969
81.03508950884975
55.16979351194682
36.247276525123475
67.17357121052089
35.200319816041365
58.95653939973565
79.20841583229301
28.85890788680886
74.40458485805077
71.28841773248061
60.59307867012625
41.00313405181336
89.24501753674907
62.420000340409096
10.049958379751
37.10580341134059
12.579433028259773
47.60788124045759
41.64729451288479
25.229391282016394
38.50815133853669
30.793775345062546
102.17924622293629
48.812692238937075
94.81505786552324
39.32833123804363
18.791084375895455
49.14860282573323
75.59274398400349
80.92614813698297
27.80571696244143
25.705490402344907
20.50919710586405
46.39066644949556
35.21560064973216
65.80665428379463
43.2672864900883
47.88379685739404
46.425061132512475
25.098554881696273
96.08181380054357
67.10253968831087
64.03957875075419
44.90823555412195
31.426095602687177
66.941773701432
19.490058681867726
14.995334834990059
11.608549836099598
17.07823083137049
90.85392823002005
44.401597403314305
50.0290277571789
34.64723219879428
33.94982069029796
74.39967559337553
54.74684987901033
103.23496412561545
127.6300125028969
123.74852268114032
68.01258117901551
9.479150572556184
55.63473669849191
32.009597442138265
6.665074441454926
13.048315447249378
45.55953240608474
33.94045734242869
64.95596528741552
53.10493012354073
44.87715761455005
61.370366163840835
27.236476956743594
39.38297383247466
64.90083086583303
63.364918500846976
7.826962064622992
17.535334170003672
60.02775634337472
46.97290311312973
19.655863890824655
58.38449870278793
106.83093748281304
42.302018645849756
16.2016160081907
74.17603224391665
8.482566440980737
8.527454038056016
9.916420597351287
33.047905088066194
84.21188633109927
67.29647453471674
41.49258020309394
65.59698950379355
41.410981836985435
51.231928595808824
30.959590998401833
23.72711179610172
34.60290323225042
13.047800702755783
21.3578816436636
4.287059837526038
90.08077185935319
70.25226815678404
20.478006309040058
56.31044956494976
81.68629911320627
38.00300385967582
55.52941206657262
97.38004573385489
21.944389631783856
53.49649867472266
17.04331902797223
22.20409590233261
85.50548105381876
107.58848133310613
75.00269483268534
34.137566392882896
4.200403244387532
16.391073016666315
47.010378157122176
83.5404608421708
41.8441335437951
25.71854734065828
19.62350947283698
91.08908554867946
14.908870550787121
30.282499858437443
105.50849048273949
110.93076759684465
37.107001254878725
66.50310681322009
64.35344320105376
41.966677547497866
48.96443017125869
86.33296462637495
126.02120404000839
7.938111791037512
91.16941948221893
55.325330423151996
96.8345517949155
22.838237745823825
92.51771670191486
39.95995943336528
18.522122322878726
8.801938743289334
63.00311843622291
49.89472330792502
93.08406387430097
86.6762778977581
21.791423420017065
63.51853887186273
59.46971443399678
63.30623651802307
43.192418319908406
18.082771830779127
68.08147917689763
89.03668080998537
20.996098424596898
93.19591497740817
80.0517091044503
46.49659682304816
68.66234908960807
32.373836092557
54.029915797680516
23.918630556124633
89.57212798066048
89.12243796160381
58.32467322269749
101.91864057102646
79.29973219751055
15.89070725746281
44.55756752828912
1.9505871513993958
67.8789298142226
71.17814696859976
130.23143141014864
4.119757634557832
27.669727237226965
9.637478143006076
13.646879846357225
57.07032049670538
61.757264478162455
67.27506991444457
68.61513592246298
18.99290059164467
41.98728757447095
118.60798158142791
27.347495596886684
24.52884882027514
12.844813562548607
53.07059597830962
50.46656262565831
4.796226705929161
27.109902761790668
10.441178771703017
78.6076117895242
67.897789630046
33.76452414046368
36.82740875617389
18.07391679124368
45.727358968059995
60.88408999332433
83.25929147532901
70.53986632650903
89.2258302828088
99.64563130311555
68.65521225896731
40.40385402671655
44.749573850624465
65.01065302313975
37.389679747355935
63.353671869074454
56.588515109964696
31.888898802282412
82.95970671322297
85.61290069081718
86.28903409494819
84.02413222028174
75.19771830854356
10.350745700109776
44.82322408186356
52.15928076089561
85.42143327819062
97.8964492277427
90.84407784388132
17.16941125509146
27.938643812880688
16.642195615025756
98.58487735772503
11.27959935841216
58.28276261091153
42.89739209834589
34.41212039145563
70.42172766255744
29.46559400699441
78.79238551530702
65.421553805655
108.35215317342863
66.12304455321672
36.76422378665687
20.149781568061385
55.482588649877236
56.64228035558562
39.68375081076614
77.9501371236478
98.76429308255356
73.83383189446899
63.76895605265969
34.770081657546115
18.307860955084614
60.453628954375866
48.99295476147645
1.9726748803982501
43.21601549660439
22.79899182561091
76.0101905851435
46.99080904665184
2.7204784168539806
19.808469291587354
91.79668129485809
43.705978465509084
117.95557330285972
84.48941818882793
37.38632104263583
44.415187109629564
11.369997792503488
59.798042723878964
16.384864330133922
23.62969569242165
40.028160478570385
73.48675916336097
17.6669927409945
35.34386182541317
31.119621517515853
90.32680590633767
35.23772514612025
38.72680204669468
80.78320750558964
65.0180954713354
37.067489325602246
58.10343235505813
62.376123165958695
30.004807355838995
126.92558950654333
70.91941146557944
49.48499152976535
49.36885618850486
80.82101680154003
60.473527135996676
41.80433849786714
47.80530918212536
80.96023666440412
40.005552898364186
128.41446117574236
70.50613336606675
84.17667086949473
18.336042750421235
65.55123164661312
43.87024634749359
83.24379987611326
59.865764623622304
91.53277856972852
66.53575512254238
31.158374837059153
64.28208980595033
6.279892444492393
101.8057333968422
28.609332326488445
126.6012997853064
57.13301919543584
38.931705336571945
85.30263451608565
51.33990536180548
71.66960787592942
11.12673799431071
26.408012950200927
103.70955856728548
74.67126942198693
71.43341947992086
12.340052260955803
78.94760390073093
12.8283227487016
3.005642810015501
52.16913651532322
71.23789323915321
62.14829649803087
59.171027191925184
51.32413077860345
74.47829979835429
62.669510627018234
68.10814031801485
84.90254789329063
99.70024935434475
49.758910118775574
48.03311757379458
32.62633298738325
90.03640907576758
48.92353962440197
71.86631842931602
42.74639804039643
9.168473823696557
82.31730154900481
89.82209222703197
86.76483272873044
78.47711552002433
45.2136256898085
101.614177930723
132.3113133052176
87.65359281815233
26.38604517482252
2.1721708582681702
47.352109521282394
83.83248518042076
49.660873162600154
53.16439715431896
18.70336770767473
18.756331161870165
60.470324206112146
30.833952774047788
79.05108308686411
55.522408849828594
16.417633747343647
83.94312993347192
26.454938342958457
50.306171498498514
26.51415689639942
76.82685492491477
67.47790218710445
39.35346296157503
33.62801502543748
23.230136378910256
13.636952077592229
17.58605338086285
7.2607039653996805
27.865643611947682
77.94730091444653
50.15901601549391
62.28066214038287
30.52525919778944
44.365466236434266
34.58979797175266
82.13413045273049
3.6969003816886357
17.171569941725046
52.172271825735244
86.53152512395746
8.19657188178766
49.92866951102847
23.452408186390684
76.17533337555
3.51023532680135
73.9655993997754
121.19269950553385
9.850617422081624
46.988952172459605
91.83685473992247
80.50305011082753
45.48323144322656
82.32603552215218
30.914893431741095
46.6841291381218
50.47600158898288
66.17656460549793
53.212457848014466
85.05248250720726
60.504473104451215
62.80067899354058
21.05364643706949
42.3070772730667
11.979566179185733
70.93145219483527
127.40801945400064
30.913708632956357
122.25917233824586
99.78707174677058
103.9123951873006
15.54012724334021
22.12447433860286
61.82173318467819
70.47301503314297
105.56830415530176
101.70240199548985
60.40406359512023
87.22130970144886
57.01825678415374
68.25668638560039
53.219555234288805
51.96115493968949
65.66229943568473
10.33730712804631
80.99821083308353
99.36672979473059
98.1783815078268
24.17163226928496
68.12870732537986
119.13946875578056
102.0062466513683
86.54176309509108
3.705816120186902
82.16572392776858
11.903770019033923
51.11234602418258
77.55990994759864
44.14178909214215
10.210805021482418
12.633765991197153
43.616031809732476
53.42918231163849
23.97598159326855
66.57618948783373
56.90850027145187
94.10980608325832
52.80786195606415
47.006476761749646
59.528894318857496
23.854507807475056
38.122617405789484
12.929123999572159
29.3965352005398
38.63280797225827
45.572966392033706
54.54166725228973
63.13264396096771
69.270997443468
47.05800423107798
51.55775442167978
15.455791248384262
117.70329606342688
15.678406682236094
34.4355528181993
38.8616236429014
50.804371093395716
89.9733362211643
1.8564804144792435
56.32590489044817
73.12232506342946
49.143842590629674
25.107557469696367
69.94953280169157
28.178480603077205
76.34097221771603
26.40330470432768
118.20545815578954
69.3433771321541
11.255077214914444
42.74819991700738
143.64896054167897
25.13278292662359
65.64022305643107
27.227077544037616
96.27387457842819
47.998050062526424
7.296246077364748
72.56981024009959
100.22027699594759
56.05040211966943
68.29760961485822
135.7610843097126
92.21008846033602
42.521755702675975
27.211652316437696
98.26848918439231
21.648764193965192
56.905495711218734
70.94543834746605
1.0612603946746466
66.52206890589933
73.79390040209631
76.53248126883133
62.59738503840787
8.45958118338484
29.834560088892328
30.931229127576202
50.634639560906244
83.9340836763366
42.60544668900835
34.501008871242085
50.529689998297854
67.59626686491731
71.07787009279359
20.73102077942732
89.9764453686692
75.85609417305767
65.4556334943472
10.567638169856433
31.163569629597607
52.756100214992976
58.64987058522668
77.79863205590456
78.26890862431912
41.90147058269581
57.871248702000045
0.5582918258355876
69.4760608947642
11.088948984270363
50.563907346378286
28.406200688009132
28.62725177882543
67.03246070766754
9.724560270400895
51.47992885617095
25.851465559440392
18.08433762132925
71.39315910506707
45.74855605059555
69.13747984646156
37.37798102936457
33.957751355349544
60.26340071493675
75.66361255717959
59.01849228737435
120.29374796308835
25.72550831660598
24.67882489886905
73.131277780722
6.29644742217031
61.17508765678222
48.03809394615239
64.85883935876583
28.064573372895595
5.012355661932675
71.029568789692
22.396585724720943
23.954732072612174
32.93463357260071
59.08968048315896
21.449883456052085
46.72279938310729
23.190324402539638
96.99807908819352
25.302224695698914
74.69355301598762
35.16551590187879
107.31962726695849
35.12891376551737
28.653225103971202
53.52242275992618
82.80694349253558
99.5993861498644
96.80997548803948
64.3289003067456
70.7675377644862
29.460652176654268
11.8464220287393
38.64061074267191
22.148530723775504
82.33397969340567
29.799935738983425
58.21494643102022
47.92265925512082
11.426193986625824
80.8457169309444
49.64175252839931
38.81578406575313
107.68682132652192
25.212699925606135
42.21418138437892
19.831114938531748
92.84042069616147
21.008297600748627
101.82938036683068
61.03681680239459
34.18609573904978
63.871649508246904
17.470524149244422
34.5520202295771
72.76749557991177
72.85446705869445
102.56787037273169
12.106382469173424
108.71208849362532
51.435814820911105
34.68609347884965
42.754686169009325
47.76099486557615
9.948070101382648
61.95895681631743
83.68463790814059
14.1786135040857
54.223765629753906
24.496833842075116
100.68212069360857
92.65712615224348
57.51443745889183
96.89305094041443
74.3361509107039
16.186144573248008
51.86054693784712
39.125867213696296
31.850184614398955
51.09712697431624
49.80357732590984
29.836987244563105
50.19302875891148
37.64122322246886
27.485134368971508
100.83813501512506
50.254476904221406
20.91307675203582
9.806863570566323
21.01899826841462
73.77078864918569
18.612492646084664
49.80160904937172
34.233094216674175
83.3375322921052
127.04855226814387
88.96488806110278
67.70885358656916
48.16339901430243
33.33604281157744
53.223442748697614
30.615826877246874
109.86915836827052
20.90903344676555
115.32677701341197
79.13621931720675
54.24026810368547
39.66571913880096
77.14246341224894
62.42758630531151
110.02426296983516
23.087337264662253
3.4464405610307116
7.230293416207209
3.569139771890131
40.699803726514205
77.42137373293475
42.85106764728732
66.21555973199898
48.53348425557474
73.06292859725556
19.288525820573906
57.47003363885907
82.85511141363398
36.02567958166336
46.22605992246151
84.90301928014419
54.09794824585701
67.43605670794864
48.98948255493421
102.93978766148359
104.58705882537429
81.36964788284375
51.24741208758034
17.590560519691337
78.2303504504052
44.42375446884253
36.11787256414692
77.10446577461683
10.636240775663659
103.14025827064481
12.422594714003667
36.066315348074774
5.760501680682799
43.41943415335898
47.779450413887005
128.12837441826446
24.849798740880367
38.483209321048605
69.5346158811217
26.38829093426468
74.4355879878986
36.22838126154423
68.53005071317668
50.40156589871038
6.443927257509922
19.94262357179069
34.352436156665874
22.19615193271288
27.88666418239593
27.626038700380608
25.265963044080813
79.4248927784696
24.32858368157003
13.984046587094825
37.194528331534684
28.19854682403011
91.60027025640214
21.013934305523357
61.17718113141337
62.21070247387377
60.71337502634116
92.23009625385875
93.51623651607035
58.37438007329545
22.241222818024276
79.80632564805137
12.80356309729864
61.529378921082106
53.4690425427024
95.07657922165015
137.64716987171732
102.63316707472706
60.36634414059972
75.98428606866074
52.47004905595237
53.79948851812685
96.49884198523371
45.31512848149073
65.84811195809164
65.6375160460561
76.3600038504193
41.309096391009895
42.09587568219288
31.896857528894294
35.7483716422009
71.9674181186965
50.41840095724492
44.534886558546965
27.00330952075218
29.766553732829244
12.833428298501307
31.135669948830046
67.63449385630472
31.00362786523986
48.53295543297066
57.274152277435654
53.59841098573005
27.172644816604194
58.78900482026187
31.236062754279757
14.984987997528323
50.14155415759866
42.69213706952987
88.44463422310757
99.01409860814837
105.3836369000337
36.74387536636607
36.099558864187905
98.05493751601657
24.97780624093699
56.890361138982314
44.262014135765185
65.50565185337852
55.621087940589334
47.372049263090574
33.31425385531649
64.26649140991644
38.67380740669712
57.54623471007508
95.28193289619163
92.93589665314698
36.349867651692755
74.07848613728453
8.887154945527696
20.404401683044526
59.60140381020656
75.76648575803698
34.233442344129834
4.013196665450675
71.05129258090868
39.669689729572355
82.75040336532449
52.008173494151265
52.81496529109358
58.38227807515121
61.31060421947477
19.99616540874929
80.68672938976219
78.27579926147315
55.65785831678209
52.61680532258018
59.15337826773565
59.36675648747959
86.81621565276131
27.55341342140509
64.86704765565048
130.65372886039003
39.574718196945945
64.75998382283775
92.23752947298767
52.34426208864821
33.77254181876642
58.243106110141284
15.97094229196528
29.380082835467725
106.29632779978508
55.516571100904066
47.526124675672634
50.3541877473028
57.448268392823124
92.77653088798225
33.57550882899851
7.162957786767277
22.843453445321316
20.269365851381256
89.11428595448602
93.30180042497342
30.88679689598827
72.15319314494789
55.81658704189805
37.15913179322762
21.771369819097252
55.690599010802366
77.92248688625024
51.944145310368405
2.0756007663344875
27.726485710471938
29.936546271613114
24.56890598555041
46.72602234985931
34.3366095850719
114.47403436739474
34.919131447121664
8.114474970087626
71.86388995779049
54.06439175440106
10.9378483501934
97.65711401642352
108.88940595565798
39.58525954192756
128.7166849357086
86.27653816254025
41.20732791184326
114.48336646627014
64.27569924177885
70.23857838156819
57.686588657022234
107.44950082513442
7.3372362568880325
99.15807051645307
72.56406367700204
33.757645990236
39.27048582043748
63.02194249826583
91.42877384770458
85.03910140159329
70.57208344979033
26.098902005359633
8.302019923103
64.81068243995507
80.21706716207113
58.279846156401206
30.138234325107582
32.48459609039514
30.431200410678436
113.78508927617425
108.85952634286024
62.79471953294282
76.6307962208118
58.644042403778194
58.23656958271007
78.4044720809959
80.33589232798624
56.70140980930009
94.66057925556072
36.68638844634213
43.8796806181589
57.807232354549015
87.46848336591118
86.97182029916426
18.391402556906577
43.10600845138264
48.41850288019825
55.10398395111408
34.12550351585289
82.58922713090445
98.90785858724159
34.87371186077662
60.8268294343899
49.72124712291344
18.76037587892295
4.659300275399719
54.80604614537192
69.54404770229081
77.92775790577502
122.73409346190819
81.44518610257946
96.13365395265335
36.23717316869046
81.10875599131104
27.380289602249686
24.456289141819408
72.86962388171399
39.5840616112475
24.884932696901735
49.02550482536868
16.46219147290109
45.22071989963307
31.393852532233012
25.800488243376083
89.343603106936
57.650464301253834
39.15040429903331
79.87484289930435
63.723657435303835
60.00870641864555
42.18466539087091
41.10314942716077
16.544992957728315
59.48283679110737
34.372094192275334
5.121514575796067
11.062841805619936
85.47727945290515
14.966349416663382
65.12966213232752
51.015566394402015
8.050999618826012
16.525060738111115
93.94732713673432
57.25092732976639
110.95885007652947
91.18805570983368
50.66656329278758
102.3761049216069
23.20733047196925
46.127204200976756
69.81476102829257
83.82365283333439
41.68744175371018
35.89814246923443
89.92256980044625
25.372089027618163
83.40358573834206
86.81949524975735
42.203480340752435
60.99163737753723
100.03081688062424
51.105020625601625
55.63789025591851
15.590481129248932
90.65185729421
53.370013416956795
107.24454905366656
64.60273172983636
57.16166520948121
32.60873634006575
49.903911038835446
27.258149184156647
88.20560570469058
18.988938197687144
36.29404096135321
74.9547529905799
18.127936940832956
21.014332686209574
42.76244444128042
90.55180218475618
76.58872338232807
88.6807352392591
48.05614682676321
66.74498851416358
52.02567306787741
121.18734703078165
65.88576593622803
20.215817094216508
20.74134257773501
35.968109385783535
60.00636947188278
57.395087604380585
67.13876103561381
38.61539957692954
53.71644353547383
52.42928149268488
65.89511197896496
60.453239682230326
45.317893347637174
52.42419099135394
94.95157044943377
9.102958616076208
69.63181841237089
78.9259762690351
70.49627626082366
68.7206908693909
25.437039913320216
10.170658952458439
63.63377174207803
40.29155459499325
49.566775366680716
35.71386533073983
42.61997924995181
19.28879761753234
25.783613296682102
71.283535684304
113.36895234966855
8.840594311778226
23.60988300615108
49.11100650293652
17.437303509367162
74.28748175908596
85.80066323316417
25.803782744114663
81.3637427090138
38.0854506911768
49.767101351425374
57.44945836041819
38.96939045860137
44.7874211411297
11.611899179428747
32.046554895990596
65.18549765430944
65.04231220811874
60.30818880137035
51.89155560215027
54.72737386249545
44.63795064388646
58.767445288541346
13.204591444273563
28.99914105987555
32.94896991730997
38.41394169593244
19.597207858563014
20.496899463694515
75.44199068076841
37.27765700234947
20.27092406161474
41.72144716853904
87.54909891335832
34.51492902784389
19.333323784033794
25.140474593868372
35.66800902486387
5.65969728940293
55.92998029266412
12.45131769273723
52.12264571979831
45.686658358589625
60.13051216372403
35.22235026328837
32.22058354868778
94.34657125777498
4.249241296976865
37.8569594804878
27.71095570171156
16.379793266324615
45.24287056910708
27.07812752298062
55.546012506687596
21.193709185793256
30.056440836469815
49.330967783639835
6.3649057047
2.4304923780511647
32.1060547323006
36.695515008379225
5.485717399207774
41.394093644366926
77.549007903423
75.34811948750821
24.538686497223345
16.338121609157938
64.79034615445725
51.188500435050656
145.5480440503477
77.85003383255602
98.64758061521948
39.580357939973986
64.93033536614473
85.72735505537389
90.12338689815856
41.33612064956582
46.199097755602914
25.074411772582106
70.26951296291767
8.423367974118193
14.208180912789647
46.69103858931982
138.51362156884682
40.399623329510504
24.5027745447468
40.2676134251366
23.18844678535325
70.8475211460103
36.553542880174994
38.628079316611235
122.94941807488473
35.159668458501805
26.430489355397437
76.78326861634237
80.22689313225197
71.9779688949812
60.32204380526897
101.07993447358253
50.876415722877844
66.93726626126715
69.96935350002363
6.265744459401284
94.94922432496628
77.16322575854682
43.02845059801737
38.51689383340065
90.13008807332237
44.2017746816102
68.89284389677853
89.30778402703977
97.08901159418255
51.90914505230451
23.93664311503276
56.66456310354128
136.52175235465646
58.9706369454151
29.945288468854432
97.58342579591849
43.09038068259302
54.97832465009481
37.32665914255041
39.255647459293606
7.735816555352038
60.43840421160017
18.169426550005465
36.398802248488984
60.176969522230245
18.0657292067572
127.47472972388768
59.199272241814185
9.413865625149128
62.819345699008664
61.49948093330722
44.53562731823949
61.1838956882888
51.983906105881
40.4229026810937
105.59691725619682
72.13914653284873
24.863959898096905
72.66404623104083
27.205157896683918
18.036968940951994
116.85828591577777
89.08778172459985
46.75566042401558
95.79682985952074
47.46691890474433
24.910676166907777
12.238120638776483
47.45865913735992
81.57239263518039
90.61421919960314
37.26021181787742
58.18680306049133
39.926981433019726
57.191437402763306
29.439760775967976
102.22177766619112
38.48960418382154
25.886524756856666
66.01513336584038
82.47146733154611
38.53531709825123
43.57827068639156
67.08889478569633
117.47441966430236
65.07877164893787
11.457009442425592
31.85161332618505
23.34608562728775
11.439101423871046
28.882448936066744
42.74882868013452
81.85202826350522
109.7809536693702
46.82223441843337
83.19940060091831
31.614539340789015
66.34929438402582
62.096153525987006
48.3011973780701
87.25116746964547
98.16179878566271
134.56510327202844
96.06466677564737
54.65171036672967
23.51860760953951
7.557235434930421
2.5534169866972576
58.47511444951016
44.6836902027092
35.85929614417704
62.70926459004173
26.018227621989418
41.98978967052689
73.00863930399865
43.15963901420683
0.8664555268625078
27.88795432343561
123.11497782764474
61.400589915566115
110.42763162200639
21.75138615623576
33.14438160980998
62.95044396223876
58.979696503687435
41.22567523143825
27.611519920601598
103.47140016184328
32.22626246386006
15.739692942609995
121.90710765636553
68.88532580695086
29.425351945725012
6.9124968765750605
11.12101419137675
18.87484966951436
38.72034022706852
38.16617249675838
11.060528894248474
18.149103549241882
78.42505894586684
124.01201701928998
61.94618290662113
19.55418580549779
25.39063419036036
71.61158424933105
20.91464993429453
76.59421841114901
45.0081710051905
9.425414348877919
6.311570178315336
95.53884834381456
15.339437666367473
3.4269526122904166
61.195703832270375
59.34489847343274
44.645992173211546
113.10144632817983
39.77665660094546
57.730705874585
103.6341984138702
25.502836232588198
65.53485974393351
101.30536001057968
45.72232077954437
89.53321125799523
76.09345908854056
86.11851189004079
42.27876795689326
38.12392470351827
87.07347776065848
50.577018817890156
19.188248842037105
52.53719704629053
34.45304903837217
32.60119488346104
45.06019484226212
16.585367225726465
52.807483180249186
51.14499895528702
9.397889255230615
24.501803412402946
127.00871128421521
52.457270833515636
8.58605133472399
58.338145036828756
53.83205983968629
64.08097108114224
38.25996271382272
41.062192125634496
69.11272739389149
45.28571025052296
55.64662084302702
9.35887473841542
45.228719720987215
50.81498386577798
59.91772188476419
73.74075271347634
60.61373209535876
62.69958410417356
0.6618502682910185
54.18051492483054
89.23706311834341
67.93947789005556
4.145560877370756
68.36159908987567
54.243562666795945
5.00964940819076
69.74039518629529
93.86933254138022
24.46853777100358
22.19955665755244
58.23358716613322
49.309229888413284
9.037806807201493
40.70577852848462
69.0309664048597
25.83505433455466
75.06380990593931
68.72993964514464
45.13821288208725
22.689357797567553
84.97029275920183
106.0186210847414
13.989627140533548
52.09615875144199
99.77369596308479
35.99252794871242
71.79119178348954
11.304164252517404
107.1090626022659
81.71137367964452
24.239232158559695
21.728425106570025
54.708266771491665
6.967533509758079
40.65736538862068
10.9503994410697
36.83190598080867
52.70553094690078
69.0467303477666
58.34918107603961
55.7817060299066
21.699311239267324
6.603707489101355
16.472044288826144
82.50458144797724
22.759776268719587
84.79072312886991
80.31546826915586
34.8274281981805
61.952076772567864
96.3663811600997
92.49484196854173
49.34697644004199
59.48145353265964
20.938308718692348
14.069933902858402
24.730578209333103
27.107852316965666
87.14354411046664
66.99730369443498
12.659822185364675
59.18947850218732
84.8524680917532
114.08252071271447
42.94724779917441
22.401822598411876
79.03246508194903
26.966002790263296
78.61484613309828
69.8850936911901
73.11980809648463
38.760078611596406
63.1993290333908
77.55290378002672
66.16665873402086
34.52791860364547
2.4784749430816535
9.531413096913763
24.85332049603298
68.20692034031276
64.19760498113966
78.00170465902151
59.00841869957111
82.38518905075055
41.16218271120907
47.11148476902958
93.46948835940208
74.80254664993191
92.89169501666935
87.0051571896185
23.063419186953578
2.722785003318342
44.11913900239655
51.56281803140407
47.49536724712179
7.59309459597412
42.16508262433367
56.930702121478056
134.2115928332944
90.767467213008
53.01580459464278
36.541848160483056
46.16667312632449
14.10596916122996
18.99924551267545
31.328993603669936
64.97151519754723
32.03719497323666
9.508114306049514
15.994221479166061
20.289173975633474
47.88675257992438
104.10848901551203
20.59796808068117
23.58135917664869
36.45904573463365
41.51957555622586
15.67401931376775
107.39075171952332
102.01173906277761
48.39441669831724
37.31801971982719
46.509234206190236
18.614307697151308
37.94433425861438
95.62688345889896
38.168946527107664
28.984321810856272
59.827879344221834
5.54089170045921
96.13997476977913
80.57828886441929
49.40080266810728
24.075534346765206
70.48806644245556
37.86596047749625
18.7472398892798
28.888799191334314
31.35738767303905
60.210864694033845
60.398040258024
34.3085481949398
8.580999490087963
18.395588358923135
40.16089761766404
97.78457515782462
58.62660347491883
62.5718828098697
59.51409465587168
30.71430827724079
85.36832102182542
77.36757080845435
50.12128032281494
73.64225855862404
105.18992330533422
8.900159522711187
61.38844676204367
104.61979833628723
83.42386655128351
9.288530974876515
27.11350888239325
87.43632388619449
34.916727627169095
52.228242557698465
79.4798132692256
87.79016580683854
50.22511059185495
109.17938867443642
44.42948826292489
62.20302519242925
64.12157620233592
43.98884700607808
52.57320075354384
10.266667763538642
14.566077729515978
49.71890960393607
33.94665581583967
96.44159816115582
40.67322745295123
81.7033072499715
15.230642422632485
135.1865166976956
45.91914768079621
61.137000036228
43.77312124174608
62.34095356522026
56.86634741712579
117.9340791022919
62.82191607331983
93.0500377783348
48.05665488531244
49.482445539067356
67.39722612922245
6.96971520940763
4.959353816636955
41.9562366904676
120.10520636880294
71.10010152427577
52.39845922893033
42.69577118875929
12.15525433903135
15.474885113003278
67.63755557343339
41.2865278904718
56.57915615719591
101.35753803372516
82.87970439641714
45.97486329010949
24.704436217952622
46.59266385461698
69.68265414144514
101.87964286836821
93.74538289435102
68.32336386470263
22.263110019366874
19.46336057972876
95.34620022928836
74.17044050156925
109.07378093164111
83.60006923137583
11.72799931548284
64.2181523040612
10.733999204923888
21.206137776979933
33.59809315917892
33.62614918358122
13.227409873240507
14.722463109725473
29.541491133505104
58.235482475819595
96.43584606908863
55.15259937841094
42.161026326095374
7.52221650733227
44.95657160014776
63.13573839217704
1.3600713927587986
28.193255082612723
16.026799307871382
91.13118047915788
66.60144773673571
25.48968873629463
45.14664092483021
30.632548478191556
35.90309038450347
78.73307000898085
40.63117850086831
89.67809308248839
12.912312652926897
64.43675326114833
14.570854699004968
43.97739224850007
45.104968433152415
36.72888454663702
94.95274514064401
28.0308608363457
26.934880624222078
57.08531428499788
22.453127995879665
95.69084517690447
37.15705436624218
72.91394247143856
63.91083320183994
67.68736981410979
62.66580918335439
30.357410321199165
23.286539237512077
72.36934580274932
94.8437622090844
22.114468574988475
55.06979877939096
41.62536029140071
21.985936251931143
34.02359860925312
19.108673368287167
61.98622508984281
60.473235381205846
108.02135963568276
89.72292375699148
72.69728185081664
39.77202879657714
99.1852411060099
18.899648814051826
11.71591544530057
11.532609751246227
41.0156912629434
12.545005202797359
26.3703162673968
41.33747767113314
32.69375339498568
57.60176542781476
50.745648173313576
30.76976299252356
47.086587248440225
9.406022770796014
18.907936550691613
17.85828103163379
42.55248016513578
32.792105751158736
2.8832015317737714
59.63274812060148
36.1962268050206
4.057808621878738
121.81399763539979
13.43752682649245
30.221408418702236
65.81874225040403
48.40206953868666
13.610226134847759
19.179128347265817
80.99218438078624
71.00606510774031
42.66620111582814
47.80870430948063
5.092803949544916
51.43428887507521
21.529648702943383
52.479473292181275
23.46462422752845
67.36681925093099
44.67957248883756
47.89018911687963
29.09385058226479
62.685418461596726
49.957698864778315
79.91111454955956
81.29098205737483
58.81133404355005
26.888785003455748
61.260113045741626
63.029800839389665
60.05335863834243
25.112425001496643
70.92032232170722
58.33186272663471
58.359193984852936
22.399987902417717
9.943636702899246
55.28017836753193
57.23698788477391
3.78323299353019
47.24095916341451
40.64546800484946
18.977341511646415
7.231318081744953
4.998168123099867
77.17720682125864
30.7057191904611
24.36233705191042
45.065186081373255
59.700255561438
52.11448231822972
52.767058434962756
63.52721460171057
75.94632376973085
15.959464991146845
19.132669371198265
20.659557158980476
89.8342581808022
1.290386919050676
13.152343141824073
10.793017984307758
65.10781621145888
9.671181437422298
79.95853924000191
79.35508619632681
8.660273213947029
16.385321329709825
61.121961884610755
73.03331460873757
37.59003176685562
20.5158710096725
33.693024513662884
73.94297158390123
64.5547346547119
0.47438377441543744
41.561414621609984
35.160807633635564
92.49374010383015
93.3102404401971
66.65249705021067
6.646210490610851
49.85543017883552
46.75233912419289
93.39369162595241
44.42318452041317
76.64371432928405
82.80083855335656
39.17088811239364
82.40319954021004
40.92845546989899
77.46224132414102
53.44842694208727
88.57639477421957
54.7674060512204
77.59537966661979
45.38178990938084
50.0692177905252
37.855359079456846
87.56377199702277
46.49319025450006
76.88076445013762
73.44396338881965
43.93616877030377
50.606579544485264
58.19805327858735
23.19076386716929
31.625163424805304
87.40419754063848
80.25960581648839
115.62319976924584
77.98547165027828
20.568534373303734
102.4843315145517
139.8395396229275
64.0826516542756
90.85177626190234
34.83060277913132
20.516413144595298
69.49748180488339
89.18723794457446
15.558951954279161
42.78084960395118
46.69615777787652
41.10043572294651
22.785637635793304
19.993912629478107
62.337458690521814
28.079505584118802
116.25736923888776
21.769190424059865
30.749457578277763
42.68682651701705
14.667977507930654
12.884285571214143
73.59437056616908
86.22946987819829
47.98820721901556
52.171577561397456
85.18424819293163
35.01805523202541
26.054675228178848
20.281632501548252
58.99428646630571
133.36051570455004
56.11536199152804
3.6270315341027604
81.98819694668583
22.632947693308434
68.91792256908717
73.88674553889096
73.23608744411376
60.95449346739531
41.11974030093739
110.08119265199451
57.688498333192854
104.85124732555609
19.609104963893856
84.49876325492119
41.71489468841707
87.72642642638566
4.871279069924803
93.02971436961248
29.265389280852556
35.816459027132325
19.570429931880486
11.469520382875558
88.65682685679462
66.66760396457315
41.23572281538364
15.256195589060791
74.26067976293112
44.34345887607511
12.333348240528535
91.81861370773163
57.24295147917812
86.67442438353065
26.707857381649124
110.17979807892777
78.77692074450005
20.753444499725287
95.7691639810031
44.55037519182916
94.73956252419205
69.17826299754701
60.81063854957625
45.99344882481666
83.2262762605937
101.91736143138517
37.3576310084321
119.3934295745121
42.70229028274139
21.131154970350465
16.84358204595839
27.758344462166562
7.98635642005759
53.480784542740984
68.22673171249778
69.40714266193253
113.40849990997233
119.68630382982388
10.99146754214505
45.006219051272275
81.0495584980653
45.39202056874285
69.65786261382247
59.399849900250096
9.916466995495888
21.49706528335112
4.94847625887285
77.29971923464866
34.20288352901776
27.497990416477105
22.193720253989248
81.35184618115835
66.99908290567397
52.81862657693177
56.910576685619674
43.903554036622396
53.68910731025988
42.667668100654595
46.42467239728433
60.225924293528685
36.90316177666619
49.80435302093276
25.42033050098097
63.05551124444534
7.396729786566614
27.237267705489263
14.533866186811354
84.33981750754013
64.93356840148556
114.31402251895112
17.377571165145312
25.976004467018242
18.084656869510322
55.26691581286335
33.60952465893931
72.01666154591688
90.61737694648757
85.26425463675356
31.39027653028551
19.986479016416045
76.28425841107831
13.93161222639306
21.017288706552517
79.17776617059067
31.09291308412562
79.44504468859306
78.18657644490601
52.83672772207555
61.84381993685081
41.278763766211824
17.963833512038384
36.2870162481371
32.312647685607224
34.63457977011827
36.57672067214482
92.26060561737751
2.9743824621000496
56.145308833934365
23.29725403059701
94.27311842515249
97.80035246301807
3.473500107689405
48.89480557580246
85.36374715847366
87.00262943218266
3.808169745716139
30.024093905704913
108.79623500606097
45.824628505254815
77.38245865013057
34.96461366008852
65.49270178567546
15.340361509238148
4.073621789235041
26.106817319078573
4.594689361929041
45.50402789727925
9.69425919755656
62.26383713190136
34.07917978057695
51.636530446479384
72.09803780855407
70.61488487910502
20.110127855695463
55.57508587761623
48.662189007594414
42.88186255430256
32.15577193459992
48.896019981250184
66.5204978068688
47.114264151334275
75.30740480870703
28.016587694168123
53.53791389202946
23.620102368218603
89.89146407177417
47.06037123102156
48.6511967869557
59.498340346138896
23.103043777676376
30.403500894317315
19.4855397907596
83.87797526003848
32.94843427022418
36.04824105566179
55.54904766416993
18.768487484775942
64.17560500402442
28.57219852904203
68.4037146179856
49.43687038109879
35.76358722662426
59.21746060041063
75.4730104461579
34.24450296918882
59.999522969337846
102.97462495596449
34.72972619076135
68.13831258791939
94.45049573566689
74.48989196161463
45.46730178012636
55.610125160733105
28.994830042696634
50.202698564507344
37.61841119652905
47.37571122688813
65.99067000759408
21.909253226792373
52.64104675538809
49.55985691302409
30.95835072912395
66.85579902662225
37.847984016456074
104.67742988218512
51.08847531203441
8.6909447041756
60.2747000241177
77.75676914938194
48.83246265010972
72.79107109463204
69.27200731221157
32.88909775694218
5.442591674610052
25.644698782713892
28.29303586128081
45.005846186271384
72.99036403741987
46.13146710092154
90.79020963510612
46.2185469751137
57.03658068989398
78.0857420138754
31.095904404223873
26.725213887472023
110.55008478120052
38.542380063451624
112.44277268991779
74.77625982074329
3.2643839860142427
67.92310414654084
23.453269902607865
66.58997557489185
82.05296539233176
25.281371098303236
30.18693381456785
92.94144366127318
9.93040562910714
30.974011853583505
94.08269348528388
29.974491254206534
72.88686779255595
35.69889266284553
49.75757368272292
75.01692682185335
8.823614502319968
79.04899281469734
30.591504015061293
55.48877185198392
57.29183710957873
37.42002447024434
42.00296303628702
34.01886290242712
20.004530149555162
17.84961844953479
40.18881312306392
107.44108681234292
49.56358450520961
47.64172772900748
101.43113850317165
44.024165285424935
40.865234026228414
83.09198604819876
45.277858049868634
39.12342658272308
31.069505427797914
25.901936341955576
26.0088242176446
61.718183913938525
15.97616163868524
26.760858549438144
73.11417026904495
25.312159945529345
76.97834572244423
74.21971670240934
45.20619351489695
78.14568951508572
88.33310269346497
44.05092748059163
31.43129185862342
57.873903926411955
120.89361167263992
6.963824026837243
15.973214075682563
23.394546133473888
1.0240670529464457
53.13964757510889
51.728721893926554
3.0763655998273096
56.55315209158795
52.90058703790188
8.654556994455731
18.90771647751149
59.84092809584176
18.227224994857732
46.09522064225212
58.13346424958288
41.2955271122258
28.91033590724954
18.34385899791886
76.79365805387287
76.48084402454465
102.24036245765895
59.063208555348204
88.2502049569504
31.566743535167486
69.7242180094503
13.207940907987968
72.38606183363177
55.19184960107463
64.63506033420818
27.375782797787327
26.669611453344707
58.2231566570952
18.866412197630353
38.91333768562525
43.802371503118394
70.02921634219412
28.72365076292147
31.672905693854258
46.56460219206456
103.93819959739157
101.17419934345149
12.917937097337427
18.21472114115875
40.10971049333191
55.47154944727867
43.96959498305665
52.52501515238947
85.48183304973811
21.82734816952268
45.40095471515521
35.01778420191619
37.52398765605446
86.54934094145928
58.993822892766985
15.639025434123246
10.698036521273568
75.81014144951305
6.380907355564435
74.20670666627231
69.57228234177278
22.529227198448655
61.33728643244049
61.297157246479486
84.16617278230052
45.5302864524975
75.87251342380017
63.220138467611996
17.27343492486178
37.197944212237985
94.0484461925504
49.267985490063815
50.04134134332425
12.96889777494626
87.22003595078178
112.41933004634903
53.58179971329022
42.159678284114065
78.96241748672277
57.791351891819005
59.22739948749799
64.49771402185884
99.86162596177492
31.73766391461388
65.46003243677939
20.289640222753075
74.06134051312583
37.9910218946154
114.80784789860589
26.477343451025373
75.4964536439205
65.22907164019058
38.14533509239095
55.74739486634758
123.13317328465935
31.50448620557403
30.878757074195203
77.08732855791335
14.217159259890638
120.12037026714513
39.47090456749686
57.90637613588982
42.077427534900536
16.364240651564902
82.08656831542436
53.598727523113816
12.468221367160801
73.86948113966876
97.70801825196988
93.90385764687356
40.75889907438365
59.62000709945573
32.147886981645904
64.66100513752399
69.05435314374077
43.456067736927466
66.07246526293214
39.06610490489038
76.81146161086575
47.84595737788081
66.13760953594434
81.9877183730331
23.64351971620105
15.468696443037155
27.399559410138124
47.577151420720845
68.99245722622963
46.74061184408988
26.526172630187983
79.98572939822385
60.396607098622376
18.563829797271683
51.93670944634826
71.67637847368889
96.90209984500183
17.43606696774851
33.07312009563123
15.875917361994615
81.49514024593883
62.2085845982016
30.728011880138794
51.67867014786349
34.49923153783327
117.4847436833032
44.208830527068024
36.0921182636192
25.597315674716157
91.17082696726013
34.77478570591966
72.78976320450005
36.79331838554044
94.6471328235156
45.01376174351157
26.423439998456633
81.07507620555678
57.600333885156154
16.183283802748086
15.789102365987665
45.4952409100591
67.83297304483548
116.27238136558708
38.28452947252686
72.06635262445235
13.015944030787013
28.525448349852205
64.90634156325184
115.94214309135785
44.70783487731455
55.36143690179668
29.798129877478594
54.75834813169306
49.12235763117383
22.703560143158352
87.25559920854911
14.175842330956783
95.3909378905701
53.82661690392715
39.26703396354923
11.370528278484493
29.778107940156517
54.717442111019196
60.91892379424147
65.92419310257577
41.52240517743162
14.006492254095392
7.984799266488553
55.87868521275197
73.23998121367289
35.450740096645134
87.92629529813054
20.71099745703597
39.273402453739436
49.92650635820656
54.93598025301031
33.85418493383899
49.08153724365144
102.29561804003494
52.36287516824039
20.89236357736273
54.69144189328433
37.62230768101778
43.238643263093515
58.844216529555574
1.3949196189326256
77.97777900007858
35.64202183339317
1.0480109929401236
80.86470911653313
54.072612500353955
45.240797762073036
43.35908621465808
110.97675090769873
23.771237978852273
46.44144026470179
6.2196833530845055
42.60492977444375
28.002242375671372
43.88453942073652
45.92779106590456
11.236515811147877
54.51553212747396
9.746505355048503
33.4746522575718
87.73487379619935
74.25704299675193
12.234615477162588
20.689457732490016
31.25296038537081
12.859901893403533
19.5982670401577
116.58011599166295
15.554178968649323
36.60282735875685
31.915286929271666
41.104749100003396
74.2336315530925
109.35725636954142
19.43118920234075
31.93312837496392
63.452217546056396
69.27275919822786
80.24874375869189
24.98916274302683
47.80313542712025
48.49191717062464
48.38962013478491
44.433412972948666
32.90752297614291
25.291799425990536
78.38952061417305
6.55729358684975
