RSMDP0.98
68.28424135003415
83.06618687914975
17.400205417442127
77.30295618489855
49.82637608248655
28.333330417442124
68.36427433215152
70.37086523623196
66.98664571137762
20.470830417442123
69.35062253912285
25.900205417442123
74.66024860321733
66.6986670341102
33.33333041744211
44.43789760494212
70.67451813952974
81.54597659394784
21.07164760494212
32.01517416744212
33.33333041744211
77.18045108146049
73.31236194742417
22.015174167442122
86.34237776964035
33.33333041744211
68.58933072903338
71.38401554817457
33.33333041744211
68.9178121940815
24.08333041744212
33.33333041744211
32.01517416744212
70.15988273203769
33.33333041744211
69.90310561780785
40.515174167442126
73.89800429570326
69.2835624075431
67.26074050023394
33.33333041744211
72.77901763326729
33.33333041744211
81.92942823732362
33.33333041744211
75.55452916314471
33.33333041744211
43.358307116465554
33.33333041744211
28.333330417442124
74.21092273187821
23.29017416744212
73.00404696939962
27.212897604942125
10.685900026817118
66.80424578596235
82.00363384966049
20.470830417442123
30.470830417442123
32.02006771041087
24.08333041744212
66.6788428102821
21.492057116465563
66.99447338424869
33.33333041744211
30.470830417442123
26.827150026817126
22.705301236612044
74.05772635988677
71.84239655491324
33.33333041744211
70.03070009764399
30.470830417442123
33.33333041744211
72.26122964365014
71.84885901077428
33.33333041744211
67.03868753372802
44.80687446021555
84.03335312082137
67.41774390118687
25.900205417442123
24.79017416744212
24.08333041744212
69.08270449322163
20.470830417442123
25.900205417442123
33.33333041744211
24.08333041744212
67.53765358833981
68.86071875221043
24.08333041744212
28.161317710410874
70.56650079574804
24.08333041744212
29.796647604942127
24.08333041744212
33.33333041744211
27.400205417442123
47.77545708235502
29.796647604942127
73.58107281681191
27.400205417442123
77.39961006359928
59.54063062365938
68.663661022368
33.33333041744211
33.33333041744211
25.900205417442123
69.18459080294556
22.57164760494212
24.79017416744212
30.470830417442123
66.69893543231423
19.299505613736557
75.45978855485569
65.74371863483034
68.94299298796167
33.33333041744211
33.33333041744211
79.17523190586014
30.470830417442123
67.15839260786804
70.51024741874164
24.08333041744212
33.33333041744211
78.09366947320733
20.470830417442123
30.470830417442123
33.33333041744211
20.470830417442123
33.33333041744211
30.470830417442123
9.08301458541087
66.85269449051162
33.33333041744211
69.97844649396129
49.4693296073962
33.33333041744211
71.79751939001235
77.07956064591467
22.803077085410873
33.33333041744211
68.83176544748737
55.966925903100986
73.48860757222363
70.60529016184425
24.08333041744212
27.400205417442123
69.76688719287158
24.08333041744212
71.17468933902558
81.75374006130598
20.470830417442123
69.29628659793559
33.33333041744211
33.33333041744211
66.68618693631502
33.33333041744211
76.96395259580089
28.333330417442124
23.29017416744212
30.470830417442123
67.72800425434878
68.72280867795926
20.28253972879955
68.01059002240378
30.16562446021556
27.932915713707303
33.33333041744211
78.7756241002117
67.07662595176532
70.16323191899292
30.095797858128382
53.72860551437837
28.333330417442124
68.26028272254526
73.52015094192531
73.76495926432592
24.08333041744212
83.74565431452355
77.28233687871516
68.41393195931205
29.796647604942127
25.327150026817126
28.712897604942125
23.13096252681712
33.33333041744211
33.33333041744211
26.827150026817126
20.470830417442123
76.17419592498707
71.07505462122617
33.33333041744211
68.9839463479192
30.470830417442123
22.015174167442122
69.28109756356034
24.08333041744212
44.80687446021555
25.900205417442123
81.32727270659919
25.905962526817124
71.04108117600151
25.900205417442123
73.2172060361234
79.16041141352378
71.30525662372283
24.08333041744212
67.36755517025153
23.989173673611532
25.900205417442123
72.82056765634441
66.74172548636443
80.41631055369199
71.92680526776626
33.33333041744211
63.504804995223054
68.49607499617959
27.400205417442123
28.333330417442124
39.71859107031472
33.33333041744211
27.400205417442123
79.90932038312343
72.24475640113766
72.40499772131155
83.73442824741667
73.90043503695266
76.16977622651625
24.08333041744212
33.33333041744211
28.333330417442124
84.40245705577873
33.33333041744211
23.520067710410874
33.33333041744211
31.071647604942125
68.87388990993786
78.44266801140873
24.08333041744212
33.33333041744211
55.55819011554239
33.33333041744211
30.310236824379995
68.27786577723028
33.33333041744211
33.33333041744211
70.02812036048519
74.00078197198376
67.13199224984592
70.50766355468049
29.796647604942127
33.33333041744211
71.94874953333533
24.08333041744212
19.185900026817123
82.53315421152108
24.08333041744212
57.87592833613071
47.772212526817114
33.33333041744211
12.571647604942116
19.499530353799546
65.7319965065037
67.78773114297874
18.71289760494212
26.815548078675036
68.28031206061402
24.988310611612047
68.41745015746818
81.05448676881217
17.400205417442127
77.47291728195748
33.33333041744211
33.33333041744211
24.08333041744212
68.57730037167943
67.29951946228348
24.08333041744212
28.333330417442124
68.5059562080458
24.08333041744212
68.86960808938485
24.444260457486557
74.16851247709428
29.796647604942127
69.89012031589105
33.33333041744211
40.515174167442126
24.79017416744212
35.90020541744212
35.90020541744212
67.26404340518395
24.08333041744212
33.33333041744211
33.33333041744211
33.33333041744211
67.65261443285817
24.08333041744212
15.737884144897857
69.61014460965117
33.33333041744211
70.12813571741279
30.470830417442123
71.01942215262025
74.81981425356739
68.98908205916545
63.84855538769777
71.69462141116931
30.470830417442123
24.79017416744212
30.470830417442123
30.470830417442123
33.33333041744211
71.56238204353158
33.33333041744211
28.333330417442124
30.470830417442123
79.4414612866123
68.24083793719517
24.26055202893612
30.470830417442123
66.88019197408308
79.11543175923318
71.52763877939513
79.77453051564703
30.470830417442123
33.33333041744211
20.470830417442123
67.60187755268674
79.7877080861481
30.470830417442123
72.55655305644201
19.796647604942123
72.46276767996308
25.900205417442123
75.33166385751494
12.384212996460354
71.938507848878
67.88770294264141
33.33333041744211
13.78747722879954
82.0482199769132
33.33333041744211
68.14828552559842
66.74024198600557
10.319147672034406
76.85685723713696
74.64998082295556
76.4355130056985
67.58750401489397
33.33333041744211
69.01177723215878
70.26972195019493
66.9088015547305
33.33333041744211
78.65018000100693
67.82834894264411
33.33333041744211
72.56280963960766
20.470830417442123
16.47522238504955
77.03281293492968
27.558972385049547
36.41090002681713
82.4754838712255
74.7071255025215
66.91044396211925
20.470830417442123
28.333330417442124
67.49636843710708
15.22426458541087
67.31799828063853
67.29523457126767
33.33333041744211
28.333330417442124
33.33333041744211
28.333330417442124
33.33333041744211
71.02129973012762
71.93949213499074
24.79017416744212
33.33333041744211
66.83848219366403
20.470830417442123
42.55215002681712
67.45462139328751
28.333330417442124
67.73014206238295
80.47972482251664
25.905962526817124
67.53462944264311
69.25617005394521
24.08333041744212
25.900205417442123
33.33333041744211
67.25883450605959
84.13097678742913
28.333330417442124
77.09953514218276
20.470830417442123
20.470830417442123
25.900205417442123
71.38905258372259
73.585650302854
30.470830417442123
66.09777812286302
22.57164760494212
68.35635399836008
70.26373022356222
24.08333041744212
28.333330417442124
77.08762722312916
33.33333041744211
24.08333041744212
33.33333041744211
79.26427876936359
69.29834825206999
30.470830417442123
30.470830417442123
81.40526141575603
27.910900026817128
77.64795700854324
33.33333041744211
24.08333041744212
33.33333041744211
30.470830417442123
33.33333041744211
27.400205417442123
70.22513009919378
74.5686833960603
69.46614035104285
33.33333041744211
83.88026367863704
20.33397238504955
68.81460001525741
20.57450561373656
24.08333041744212
71.27866030169275
24.08333041744212
17.46629423903849
76.35024192504395
72.58752070058888
66.90058894085566
17.400205417442127
72.59551633449665
17.400205417442127
33.33333041744211
30.470830417442123
33.33333041744211
76.44025758115257
70.28314790848539
33.33333041744211
67.55283321376366
68.21960817732207
28.333330417442124
23.520067710410874
50.60638021041086
19.768248111612046
17.400205417442127
24.205301236612044
30.470830417442123
67.14703632517086
20.470830417442123
24.08333041744212
66.74880331251042
69.70319174021921
71.92271128726205
25.224264585410875
66.77714823253812
24.08333041744212
35.90020541744212
33.33333041744211
75.92544464025096
73.09188640133381
69.59286080681416
17.400205417442127
69.641085617891
30.470830417442123
13.52307295748655
71.62155684920927
79.83538924342243
65.16017435286595
73.09986007473988
74.4927869202179
38.29664760494212
67.2076017847446
67.76148896132331
55.55819011554239
20.470830417442123
67.05843504272751
28.333330417442124
66.6916541111814
33.33333041744211
33.33333041744211
72.8899437473597
77.49781170834824
74.57713269039584
14.79017416744212
33.33333041744211
33.33333041744211
73.24947650649632
33.33333041744211
68.39184511567875
72.4699589896636
66.73474564583738
24.08333041744212
66.82064245123388
33.33333041744211
69.89832544524808
28.333330417442124
40.02807708541087
28.333330417442124
33.33333041744211
66.88804772622125
86.92510245358835
64.82234382183584
24.08333041744212
68.83463105596316
73.36259446054808
68.19416144515519
33.33333041744211
10.99953035379954
72.49483959400392
69.30723935777544
24.08333041744212
24.054034885049546
33.33333041744211
76.75443988447495
33.33333041744211
81.72942164940888
22.015174167442122
69.0966129261174
73.84791548077436
20.685900026817123
68.92782705027767
67.43303751325178
70.47897944845263
33.33333041744211
72.39995790606002
33.33333041744211
67.05527861878815
69.83485196624504
20.470830417442123
68.61695703850556
24.405962526817124
19.499530353799546
24.08333041744212
14.79017416744212
74.57352461047036
30.470830417442123
24.08333041744212
68.80728879606632
30.470830417442123
77.93588887040485
68.54321808298035
27.400205417442123
37.217057116465554
33.33333041744211
67.32472897284408
33.33333041744211
72.42076075236189
67.15473113916683
33.33333041744211
33.33333041744211
68.50167306987736
68.84927177346442
35.90020541744212
36.96278939528848
70.3833401242492
73.70181305803034
82.56132243496309
22.57164760494212
40.515174167442126
73.4580660171055
33.33333041744211
24.08333041744212
18.71289760494212
24.08333041744212
33.33333041744211
69.82001740330371
27.400205417442123
71.55319814444177
23.29017416744212
79.16330526005927
70.07745008526527
67.7208024815826
66.90764055397487
13.241388988647858
67.41837946938963
73.01366547224492
17.910900026817128
33.33333041744211
28.712897604942125
77.42557018531652
81.3719285028063
78.08873232481757
33.33333041744211
67.33700621173254
18.71289760494212
28.333330417442124
33.33333041744211
66.7002913605963
68.39391601111801
69.8034878255967
67.21796852505568
73.27863957230157
28.333330417442124
80.28984765285443
28.712897604942125
45.810141996764855
28.333330417442124
66.95873964892515
68.16781012543021
68.6576413812605
66.9781203321429
24.08333041744212
33.33333041744211
77.09118889109456
70.13599741193096
33.33333041744211
70.90322683235046
71.57622875354218
16.66741406400265
51.07548617361152
70.09203372481859
73.82357317800646
70.16862076813037
27.400205417442123
79.16243202227122
71.76274855553804
81.52771290183605
76.83366110770226
30.470830417442123
72.28054117015108
68.95287395779457
30.470830417442123
25.900205417442123
69.61062054881454
78.51837204837379
74.24808593025384
78.56165793115896
67.11118862178938
29.796647604942127
35.90020541744212
70.3617832808915
68.8223252562406
70.32080106983241
33.33333041744211
69.34445388808912
84.51544458377619
59.54063062365938
71.84425437217877
71.21504111714363
69.8967797194267
72.35894455808005
75.0107383412947
32.01517416744212
73.41395350570157
72.73235177432026
73.29096489499273
30.470830417442123
33.33333041744211
68.29623900088288
31.85326729412447
30.745067710410876
68.21396873171877
24.08333041744212
33.33333041744211
68.88558272301587
79.24523323323197
77.64969049084957
68.4320776314
33.33333041744211
33.33333041744211
71.94301095782305
33.33333041744211
28.333330417442124
30.470830417442123
70.60919622552885
72.20616327769375
15.578105207095929
28.161317710410874
72.1143322026211
67.15222557202777
71.05012790022175
55.55819011554239
33.33333041744211
28.333330417442124
33.33333041744211
68.23200742237678
24.08333041744212
79.24622067881924
27.400205417442123
24.08333041744212
79.46715437742677
24.945561960215564
67.47878688700077
24.08333041744212
70.11806146637468
69.13612548085077
72.8169385933761
33.33333041744211
30.470830417442123
24.08333041744212
71.62071028693707
33.33333041744211
71.19690056288563
33.33333041744211
43.64878972879954
70.9940670346458
68.6478417106505
69.38631031632664
30.470830417442123
71.26563216517286
27.212897604942125
29.796647604942127
77.74196838673895
24.08333041744212
33.33333041744211
70.54648228142233
28.333330417442124
24.08333041744212
70.79643715099552
28.333330417442124
68.96894566967451
67.87671478784013
33.33333041744211
73.28115795243534
30.470830417442123
19.796647604942123
40.515174167442126
28.333330417442124
68.67546310645875
74.62554399358761
27.400205417442123
33.33333041744211
73.82501783353722
64.38222079988881
33.33333041744211
67.91046150033239
23.86181196021556
77.31816121503181
77.54616144316067
69.87780472023398
27.400205417442123
24.08333041744212
66.68142310873938
73.16772768074003
33.33333041744211
25.900205417442123
24.08333041744212
74.09204182615905
83.29960198941825
21.492057116465563
29.796647604942127
76.7331271813445
73.7274457714232
84.18226622040378
33.33333041744211
68.08700418362596
30.470830417442123
67.00406130890202
33.33333041744211
71.16923935458058
33.33333041744211
42.3744555789954
20.685900026817123
33.29017416744212
27.212897604942125
14.79017416744212
76.36092834155926
24.08333041744212
70.44226467598625
71.85534210934951
73.49054029054187
73.44325678355258
26.71211961646556
69.33121109792073
73.16656410671133
10.62102551767894
33.33333041744211
20.470830417442123
69.517507379406
33.33333041744211
20.470830417442123
72.16420351742106
33.130962526817115
33.33333041744211
28.333330417442124
33.33333041744211
67.1079892205905
33.33333041744211
67.35374370801492
66.39255468713024
78.5235997147053
33.33333041744211
83.02127737840843
67.0458381029525
16.320125322970302
73.97872273720903
24.08333041744212
28.712897604942125
28.333330417442124
65.78356594932359
72.3796901478256
33.33333041744211
66.70469832678884
25.900205417442123
66.81236726831483
20.33397238504955
66.67765785231859
74.7703505885035
73.35664950960366
71.18459357800302
67.55720211020574
21.528077085410875
24.79017416744212
71.16477917661418
48.58092407647989
33.33333041744211
72.70927819105731
17.400205417442127
50.60638021041086
79.49673653860025
80.52521611149274
71.58719783573721
73.56076713696191
27.400205417442123
35.90020541744212
21.528077085410875
81.2094206807059
20.470830417442123
24.08333041744212
67.23170862619713
69.50933490164884
24.79017416744212
33.33333041744211
67.48188367130447
33.33333041744211
33.33333041744211
68.1951172091099
75.0916397699494
67.90508007952823
30.470830417442123
68.25759491301743
33.33333041744211
72.28614924676788
28.712897604942125
33.33333041744211
73.00389727121929
33.33333041744211
20.470830417442123
70.90046009827931
75.61799520155698
16.308014585410877
68.95591059828357
33.33333041744211
77.459214339776
77.4406477418215
33.33333041744211
35.90020541744212
30.470830417442123
20.43597737137423
30.470830417442123
24.08333041744212
73.28434882068338
78.11374086232081
86.8237682287197
73.3393609981396
25.900205417442123
50.872965988345925
33.33333041744211
25.224264585410875
69.32372928134093
74.25538363485289
63.7510865668823
24.08333041744212
32.01517416744212
33.33333041744211
70.82227387019223
72.3400953831547
33.33333041744211
33.33333041744211
66.93347823566255
74.99811252611023
27.400205417442123
67.27688916729205
15.062477228799542
67.56577165653577
70.98517237215242
33.33333041744211
67.63970828563738
82.0387902259564
32.47341717868366
70.25108817567774
22.015174167442122
20.470830417442123
30.470830417442123
33.33333041744211
17.968064345335605
80.4064081247646
73.90810717735222
77.28398423711178
83.73299163776835
71.58076818807348
76.24144466007523
24.08333041744212
67.02877440948298
33.33333041744211
67.15470783798105
33.33333041744211
28.333330417442124
33.33333041744211
27.212897604942125
27.400205417442123
33.33333041744211
20.470830417442123
67.10188021133764
24.79017416744212
29.796647604942127
80.68866274707233
77.57316000379255
28.333330417442124
27.400205417442123
78.83088319387271
72.71253032048841
30.470830417442123
67.41215828445371
68.08309478073207
15.22426458541087
68.7692327748252
72.32229295766332
66.82140796864479
69.70800075375189
74.76045365688569
27.400205417442123
71.71428575516146
24.08333041744212
71.93707878031452
33.33333041744211
77.02347496568758
33.33333041744211
24.08333041744212
71.79095310481141
69.47077059387027
68.58715990925677
67.7454426290631
68.82841482760601
33.33333041744211
30.470830417442123
27.400205417442123
70.00112104924362
67.3470141591333
33.33333041744211
20.470830417442123
33.33333041744211
26.827150026817126
33.33333041744211
33.33333041744211
33.33333041744211
20.470830417442123
28.333330417442124
20.470830417442123
68.25608001530237
33.33333041744211
30.745067710410876
28.712897604942125
25.900205417442123
68.65087484132053
33.33333041744211
71.50456013292728
17.910900026817128
73.83647135523316
24.08333041744212
33.33333041744211
33.33333041744211
28.333330417442124
73.73922661478663
66.69154136247182
32.01517416744212
33.29017416744212
22.57164760494212
72.18235917990755
68.18484298675608
28.333330417442124
33.33333041744211
28.712897604942125
72.61109121842274
33.33333041744211
19.185900026817123
33.33333041744211
33.33333041744211
64.9854113544331
73.61628529275521
80.1674077328244
75.45996120681555
62.20887625088643
70.5075849356417
28.333330417442124
33.33333041744211
28.333330417442124
70.09939901343097
66.97928775283734
23.29017416744212
71.52089125366652
69.83308162767959
47.66747506953677
24.08333041744212
75.37759799210752
67.78754811274561
33.33333041744211
33.33333041744211
71.56456315375105
33.33333041744211
27.400205417442123
19.083014585410876
33.33333041744211
23.29017416744212
33.33333041744211
80.61521327313024
13.78747722879954
25.900205417442123
68.22635631333995
21.07164760494212
33.130962526817115
33.33333041744211
33.33333041744211
33.33333041744211
10.685900026817118
56.32462208648754
66.8492995951164
73.10808711520389
68.75806337716784
72.30708665797522
67.63161198595928
24.08333041744212
74.90648605022011
66.6781952478642
66.7656243647468
36.41090002681713
75.43731012893709
67.11473150020943
33.33333041744211
33.33333041744211
67.95789720341656
33.33333041744211
30.470830417442123
74.94497359746863
33.33333041744211
25.224264585410875
33.33333041744211
74.60562659403433
78.24669363391752
80.58275448042662
17.400205417442127
33.33333041744211
80.76026847606425
27.400205417442123
18.71289760494212
33.33333041744211
33.33333041744211
33.33333041744211
24.44610605484691
79.75167976042984
33.33333041744211
32.01517416744212
69.12327865418065
20.470830417442123
81.14821655113116
27.400205417442123
27.400205417442123
78.61732499665708
33.33333041744211
47.772212526817114
33.33333041744211
49.24392758521556
67.09243613441541
38.29664760494212
20.470830417442123
33.33333041744211
72.07227811050426
66.72508260961601
73.32823384258626
67.0936671848448
20.999530353799546
67.16222641049737
76.78811426868982
67.43737459183757
78.31276851476257
20.470830417442123
28.93477733098738
75.30930629901488
33.33333041744211
33.33333041744211
27.400205417442123
33.33333041744211
21.07164760494212
67.18096283527353
73.66231824606977
33.33333041744211
28.333330417442124
15.905962526817119
15.905962526817119
33.33333041744211
33.33333041744211
16.308014585410877
22.234629760525443
66.97966736806
67.12559615517239
30.470830417442123
75.19479165063757
33.33333041744211
33.33333041744211
24.08333041744212
33.33333041744211
67.86579022711423
71.35388304271959
33.33333041744211
24.08333041744212
24.08333041744212
33.33333041744211
24.08333041744212
44.43789760494212
68.70853239859616
33.33333041744211
32.77903488504953
66.96055883903844
23.29017416744212
24.08333041744212
33.33333041744211
33.33333041744211
24.08333041744212
34.40596252681712
33.33333041744211
76.38465566815918
15.557558451479887
68.44011331920089
52.761155020288484
24.79017416744212
33.33333041744211
33.33333041744211
72.57451112422942
66.95236313577055
25.900205417442123
24.405962526817124
7.947159871460357
68.928770393846
28.333330417442124
33.33333041744211
76.01558991500652
80.89113099269423
67.15981160942735
76.74175874874307
83.94921815339086
32.01517416744212
20.470830417442123
70.78615919659545
27.400205417442123
67.7370509612343
74.63867447489389
33.33333041744211
33.33333041744211
68.36180814957407
74.72718588905408
75.11915114042873
25.900205417442123
27.400205417442123
80.09947408154113
24.79017416744212
73.00320391141204
22.015174167442122
70.95807012012159
82.02742887393396
71.5902516009684
33.33333041744211
70.49700383106523
30.470830417442123
33.33333041744211
30.470830417442123
71.46617141488012
78.93783065236067
33.33333041744211
33.33333041744211
33.33333041744211
20.470830417442123
68.46870021632814
72.32031449526542
67.28445520827933
33.33333041744211
33.33333041744211
74.16480305685046
67.93088629171048
69.63330952268352
14.303077085410868
71.02906172666977
74.53109658808425
27.212897604942125
71.41826444215825
72.28626814447614
27.400205417442123
65.6698694184126
24.303077085410873
28.333330417442124
33.33333041744211
69.27080390997293
70.03708297393827
75.5375368083317
74.36315973521945
28.333330417442124
60.86797108522357
74.47299548130641
33.33333041744211
81.56249027977785
17.400205417442127
75.07291860884409
72.16856274594365
67.51823373353383
33.33333041744211
30.470830417442123
81.4997881824321
22.703727228799547
25.900205417442123
28.333330417442124
73.25661542452097
75.83413748941321
69.61109019250623
67.43691881514792
26.574600363345933
72.69919581562235
15.905962526817119
30.470830417442123
81.6511156371869
82.48901899122949
71.07129202756798
72.84694389368501
28.333330417442124
33.33333041744211
66.76481056126198
28.712897604942125
75.23669002203901
69.00775343800599
74.88293650967246
33.33333041744211
70.33465637092685
24.08333041744212
69.19179500933004
78.06929385450026
82.66442132107869
16.99541940262423
24.08333041744212
30.470830417442123
68.05808305058952
25.905962526817124
72.470464856175
44.80687446021555
22.57164760494212
33.33333041744211
24.08333041744212
27.63330711646556
24.08333041744212
30.470830417442123
26.827150026817126
17.400205417442127
24.08333041744212
33.33333041744211
81.82882228813817
83.02826236576804
24.08333041744212
31.071647604942125
24.08333041744212
67.89376634951172
70.43462989562568
67.68743710914212
33.33333041744211
24.08333041744212
69.02195274952554
28.333330417442124
33.33333041744211
67.11253452914491
66.67223027053414
17.400205417442127
77.7477869066243
33.33333041744211
33.33333041744211
26.156408332095932
24.08333041744212
30.470830417442123
28.8980042107795
72.33832837465631
71.86199422247354
73.10588086945276
75.70051326116818
77.70345075778708
69.40063870179948
33.33333041744211
44.80687446021555
79.56850369649493
72.68631433855751
74.97722801083097
28.333330417442124
78.3430000629806
33.33333041744211
68.20737429908768
75.31064424088149
22.015174167442122
71.0186781244204
68.97728272290257
69.75978224418408
69.85064455754612
28.333330417442124
69.68822737433744
78.66984392773068
21.07164760494212
33.33333041744211
32.01517416744212
20.073762762874473
72.98362704535995
68.50815002353528
28.333330417442124
28.846551236612044
72.91483312985696
68.75741708034622
30.470830417442123
73.92252246683876
86.1043929943842
33.33333041744211
71.30256250432831
33.33333041744211
30.470830417442123
14.925126089908426
30.470830417442123
24.08333041744212
23.724264585410875
67.47033685853502
72.86191978914378
82.79580458001654
71.1526473534066
13.52307295748655
80.60351359111486
33.33333041744211
78.3777802546464
72.10849670179013
33.33333041744211
46.07155123661204
25.900205417442123
27.400205417442123
23.29017416744212
33.33333041744211
66.76565066625632
23.29017416744212
33.33333041744211
33.33333041744211
67.52849255791615
24.08333041744212
66.77605412905854
80.52171633459972
71.5427996529591
35.90020541744212
28.333330417442124
67.67924531132255
47.772212526817114
24.08333041744212
33.33333041744211
33.33333041744211
29.796647604942127
24.08333041744212
27.400205417442123
28.333330417442124
28.333330417442124
67.98287956715366
82.58613792134047
25.900205417442123
71.30368929487896
33.33333041744211
72.44415278041974
30.470830417442123
28.333330417442124
69.0870286305358
33.33333041744211
33.33333041744211
28.333330417442124
76.27513243739531
32.02006771041087
76.6704311929305
76.01013059076324
30.470830417442123
33.33333041744211
69.09764675302145
27.400205417442123
14.620559915536758
49.82637608248655
33.33333041744211
30.470830417442123
33.33333041744211
33.33333041744211
33.33333041744211
20.470830417442123
35.90020541744212
24.405962526817124
33.33333041744211
30.470830417442123
66.96167584731887
40.515174167442126
20.470830417442123
33.33333041744211
22.015174167442122
69.61440047511294
28.333330417442124
33.33333041744211
72.95081379203381
33.33333041744211
67.14714125937286
30.470830417442123
55.06310889286203
10.685900026817118
76.91738306343521
30.470830417442123
68.87242475814004
30.470830417442123
67.64288106999479
81.29762662432817
33.33333041744211
66.72906625011517
28.333330417442124
77.15923282990292
70.09416387238119
32.01517416744212
24.08333041744212
20.685900026817123
33.33333041744211
68.2894109762723
30.470830417442123
24.08333041744212
27.400205417442123
28.333330417442124
71.85936539500729
69.1541282206116
68.21968126984964
78.1480199010701
33.33333041744211
80.44597809345201
29.185900026817126
21.492057116465563
33.33333041744211
68.53584441881297
33.33333041744211
24.405962526817124
49.78420065774897
81.76135538528015
73.69678991571317
72.97732565814732
68.62795846977048
81.45670163974316
33.33333041744211
30.470830417442123
67.09444913169902
68.73012412047791
70.6589008308725
29.796647604942127
33.33333041744211
76.1484578693762
30.470830417442123
78.33508423213932
33.33333041744211
17.400205417442127
67.04934622046213
70.3411534581013
66.85659070545024
76.56065460122404
33.33333041744211
33.33333041744211
33.33333041744211
24.08333041744212
14.79017416744212
47.10147083209593
67.0386072296939
28.333330417442124
67.34440330297554
27.910900026817128
27.63330711646556
60.609535592726786
25.900205417442123
33.33333041744211
67.41042218033454
70.35609490184824
78.2909684673327
73.3837167006911
72.4754501898443
33.33333041744211
69.35155014913053
24.79017416744212
68.14531540608122
66.70698106579475
33.33333041744211
77.74361737438304
24.08333041744212
70.38863849406872
24.08333041744212
69.48257383954733
69.19185589935802
24.08333041744212
30.470830417442123
68.60584370056843
23.29017416744212
33.33333041744211
66.73443303497687
24.08333041744212
70.39327392506138
81.96438674136283
70.92675160301427
29.382615085215562
33.33333041744211
68.1034496918077
31.528077085410875
33.33333041744211
33.33333041744211
70.7593806026654
56.803642121549046
83.21155907157264
71.99296024847709
33.33333041744211
33.33333041744211
30.470830417442123
30.470830417442123
33.44556196021556
76.13368159626462
33.33333041744211
20.470830417442123
69.32650097692682
78.52216740414418
69.89366963818159
33.33333041744211
68.88280814829346
28.333330417442124
69.62314293021214
72.86828522375865
30.470830417442123
46.16932708541087
33.33333041744211
67.38945466414455
76.07975352065668
33.33333041744211
67.32599372318042
68.25458958675613
28.712897604942125
67.80798059720831
69.27473670302278
33.33333041744211
28.333330417442124
71.07558889555477
30.470830417442123
66.68898237947516
33.33333041744211
77.8432607420404
66.88714900459598
66.94618209266363
74.42561808950775
76.62903825181988
67.07980962744749
67.85368599396666
40.515174167442126
28.333330417442124
27.400205417442123
20.171430202967002
44.43789760494212
73.29229332609799
71.82770609602149
30.745067710410876
21.07164760494212
24.08333041744212
74.04562192726301
75.95503111852611
22.213310611612044
30.745067710410876
14.79017416744212
23.15413414489786
71.51085746155972
33.33333041744211
74.11317038008232
75.12468591632955
44.80687446021555
33.33333041744211
33.33333041744211
33.33333041744211
68.26037242474517
33.33333041744211
27.400205417442123
75.25284230465586
16.301675359217004
72.82252277268186
68.65840154528247
14.79017416744212
20.470830417442123
74.90921221309478
76.42167957027046
33.33333041744211
28.712897604942125
33.93711961646555
20.685900026817123
24.08333041744212
69.61656340601326
70.9061963525073
25.900205417442123
24.08333041744212
24.08333041744212
33.724264585410864
70.42390315968079
24.79017416744212
33.33333041744211
73.57205707071128
33.33333041744211
30.470830417442123
67.83414873590586
67.43121511958155
76.1331819697765
33.33333041744211
80.31854641077786
75.80626887651842
68.10056136646791
15.22426458541087
33.33333041744211
28.333330417442124
24.08333041744212
83.17048731531996
70.51822804377898
68.62781963761593
33.33333041744211
67.41243423396476
70.19513953099369
67.67304436897238
33.33333041744211
67.1857856210895
30.470830417442123
76.31074514334848
44.43789760494212
76.98274170937455
28.333330417442124
33.33333041744211
24.08333041744212
27.294568113736556
33.33333041744211
72.14293906208508
26.827150026817126
76.27293981125062
69.27307418090702
17.58301458541088
33.33333041744211
68.67379773051981
47.772212526817114
73.90414761249728
33.33333041744211
33.33333041744211
80.63128695230418
33.33333041744211
33.33333041744211
33.33333041744211
33.33333041744211
28.333330417442124
40.515174167442126
80.60758514767673
33.33333041744211
58.28309536593301
27.400205417442123
80.14823344891738
33.33333041744211
71.02205709123083
71.83831272918067
60.18256947950651
28.333330417442124
33.33333041744211
68.46088418669342
72.17770757198927
20.470830417442123
71.60380489882183
33.33333041744211
28.333330417442124
33.33333041744211
71.68647305478774
33.33333041744211
68.21314818320822
77.7988707547416
33.33333041744211
70.49955671991673
26.308014585410877
33.33333041744211
32.01517416744212
66.67056562513373
42.55215002681712
74.7577914450807
24.205301236612044
26.13330711646556
30.470830417442123
73.92902058390399
26.308014585410877
33.33333041744211
33.33333041744211
73.36789776701669
78.08181223928685
33.33333041744211
30.470830417442123
71.87477648857681
22.02307295748656
33.33333041744211
75.60634117313133
71.62244980634509
33.33333041744211
24.08333041744212
30.470830417442123
33.33333041744211
25.900205417442123
83.72254616141214
72.33673420426008
33.33333041744211
33.33333041744211
30.470830417442123
33.33333041744211
38.923808451479886
22.015174167442122
67.42386146225968
33.33333041744211
24.79017416744212
79.45077691316884
68.67025121175716
23.29017416744212
67.08180893051896
15.905962526817119
68.99990425562451
20.470830417442123
28.333330417442124
68.29700744795157
68.833206595436
33.33333041744211
33.33333041744211
79.46020126642286
28.712897604942125
24.08333041744212
58.42225480817622
66.22438081003614
74.2744846572941
27.212897604942125
71.00204200387127
66.96375748982945
28.333330417442124
33.33333041744211
33.33333041744211
78.3691983803381
33.33333041744211
30.470830417442123
74.96992239398209
73.20695584715726
74.0646045032302
71.93716419212477
33.33333041744211
73.06204424271006
20.470830417442123
74.78780369404252
24.79017416744212
33.33333041744211
66.80212063684797
27.400205417442123
33.33333041744211
70.64319941275743
67.6639832951084
77.39923621051675
20.470830417442123
33.33333041744211
33.33333041744211
66.95248968549929
33.33333041744211
24.79017416744212
67.37557370124976
19.083014585410876
73.49572138098989
75.98265972772496
33.33333041744211
24.08333041744212
70.95941834367184
72.87311984070598
33.33333041744211
30.470830417442123
33.33333041744211
68.39245491678578
19.796647604942123
24.08333041744212
76.05845433250842
17.400205417442127
69.16445161240611
23.29017416744212
85.5628385745629
33.33333041744211
44.43789760494212
78.43864955042447
33.33333041744211
77.40633006895081
33.33333041744211
19.992057116465563
24.282558451479893
67.47348660870314
68.92212283216551
75.64113779848195
53.78220850392445
71.76051417190293
66.83299979958561
24.08333041744212
33.33333041744211
68.33270442302812
72.5598612723405
67.44504984690515
67.12495687214458
38.29664760494212
66.8098975231215
69.59984033435703
66.80047763678151
53.478554062201034
66.85072641208441
67.11940127541749
81.828130430574
33.33333041744211
76.8018680513271
30.745067710410876
33.33333041744211
66.83100409238966
24.79017416744212
66.84176926493676
82.34058832815546
33.33333041744211
69.88790482954391
71.99450416755359
72.48537938287323
67.71812783534432
33.33333041744211
17.400205417442127
74.86461790497303
19.796647604942123
22.015174167442122
28.333330417442124
67.0565670074734
33.33333041744211
70.14238867532607
33.33333041744211
71.37359532374278
67.94682992071382
33.33333041744211
67.64158107592388
69.59342921450452
74.39980149704924
74.86033188069024
20.095797858128382
33.33333041744211
33.33333041744211
28.712897604942125
28.333330417442124
70.27075547712988
24.79017416744212
70.52306580719906
22.015174167442122
76.73304830094374
33.33333041744211
33.33333041744211
28.333330417442124
17.400205417442127
24.08333041744212
68.11054718852267
27.910900026817128
26.156408332095932
33.130962526817115
33.33333041744211
33.33333041744211
33.130962526817115
33.33333041744211
33.33333041744211
33.33333041744211
77.59940970857879
28.333330417442124
69.66650520172317
69.89386181732581
33.33333041744211
33.33333041744211
33.33333041744211
18.71289760494212
69.08079421989018
69.90245680778092
75.44084277012672
30.470830417442123
67.0497088085559
32.01517416744212
68.64930170416777
72.08441211187731
33.33333041744211
79.14591042959962
23.29017416744212
33.33333041744211
75.80338417892105
25.900205417442123
33.33333041744211
32.80307708541086
24.08333041744212
16.712119616465564
33.33333041744211
66.98064218030531
78.07907252559784
71.73195337647854
74.24297592978455
67.25166810353116
33.33333041744211
72.62432247595713
36.41090002681713
33.33333041744211
67.7341058447464
75.3149351376363
33.33333041744211
33.33333041744211
33.33333041744211
33.33333041744211
12.571647604942116
78.43761744696273
33.33333041744211
67.82666291292803
27.400205417442123
24.277812644022173
24.08333041744212
20.470830417442123
67.61536033046502
38.29664760494212
20.470830417442123
17.400205417442127
33.33333041744211
69.49775370092263
69.27436381483972
66.81856491438005
33.33333041744211
72.69588968649902
16.308014585410877
82.34470913543969
33.33333041744211
22.57164760494212
70.33984782185053
30.470830417442123
30.470830417442123
24.08333041744212
71.98894352447235
33.33333041744211
33.33333041744211
33.33333041744211
33.33333041744211
68.67031037742719
66.98500023957513
68.97609327655292
68.02714194219908
65.71285113116512
35.90020541744212
20.470830417442123
68.59285585990564
78.19376514367842
26.827150026817126
33.33333041744211
33.33333041744211
77.30863655593723
76.1302490303639
31.071647604942125
24.79017416744212
67.64969778488485
33.33333041744211
66.9367843071345
71.97543381705272
33.33333041744211
33.33333041744211
27.400205417442123
70.74966382848164
69.96601841941704
75.50854517926219
33.33333041744211
76.26671014384115
33.33333041744211
28.333330417442124
67.24724476962345
33.33333041744211
77.8417023218116
24.08333041744212
71.91801832623592
81.9238883347079
68.90774947015755
26.79886508521556
33.33333041744211
33.33333041744211
69.04018925448692
66.99295197171566
27.400205417442123
76.59823150562927
75.15074980981905
74.41493778229515
26.544597364038484
28.333330417442124
24.08333041744212
17.400205417442127
65.60953559272679
33.33333041744211
74.6399314518459
67.33881737868622
67.15193700821833
74.90155320847146
32.21331061161203
76.23448910930576
72.87873834064418
24.08333041744212
28.333330417442124
71.80431453378382
20.470830417442123
25.900205417442123
66.73016219907859
29.661317710410874
30.470830417442123
66.86897935729712
33.33333041744211
33.33333041744211
74.70610115191025
77.78669676431464
30.470830417442123
73.03130695091009
73.45010301589392
47.772212526817114
77.97416500819334
33.33333041744211
80.74507270959971
33.33333041744211
27.212897604942125
79.3317103812469
17.400205417442127
33.33333041744211
33.33333041744211
47.772212526817114
34.808014585410874
67.52770161172734
65.47417025264417
63.97908380855591
21.07164760494212
25.900205417442123
71.23795584076221
28.712897604942125
18.83397238504955
68.38246900120464
33.33333041744211
69.81018138105955
69.31483314411919
74.39242692773401
33.33333041744211
33.33333041744211
69.62397520095746
48.57836961646555
33.33333041744211
9.34960036334593
33.33333041744211
68.12861527378462
28.333330417442124
70.86330154426612
20.015158332095933
33.33333041744211
28.333330417442124
67.96488901357648
86.43886509216019
24.08333041744212
70.91902450840838
33.33333041744211
33.33333041744211
67.43645452576607
24.79017416744212
10.685900026817118
33.33333041744211
27.400205417442123
69.74396453623096
33.33333041744211
75.82344308395113
76.74303571653641
33.33333041744211
21.492057116465563
72.53573138524976
28.333330417442124
69.46769651421958
25.900205417442123
33.33333041744211
77.03011783750289
33.33333041744211
71.02277547557985
78.49513538249124
59.77616957696475
66.68043148062674
69.0590857662542
67.23572570730882
30.470830417442123
22.320230161357998
75.91468235862936
69.45521216767237
27.400205417442123
18.71289760494212
69.19950778590497
74.17455875100956
22.015174167442122
33.33333041744211
66.84319845200814
24.08333041744212
73.69206786387217
68.68640414734351
67.47487502437616
79.83607335570234
23.86181196021556
29.128347364038486
33.33333041744211
24.08333041744212
33.33333041744211
15.905962526817119
28.333330417442124
25.8168516511829
82.06244810367019
19.796647604942123
33.33333041744211
70.34125842904122
29.796647604942127
73.13640826072862
33.33333041744211
67.51162324099946
24.405962526817124
21.69880845147989
27.212897604942125
67.92945662770478
76.96594646086547
68.59315081921675
72.00917553143566
33.33333041744211
69.53310063377013
33.33333041744211
27.400205417442123
20.517890852928925
33.33333041744211
67.17507784662452
70.06182307041954
73.71356671635532
33.33333041744211
33.33333041744211
17.400205417442127
28.712897604942125
67.3672922172093
69.83298150560545
78.16245302957472
67.96279859173083
20.470830417442123
67.38084932324075
69.7530169484257
66.93460535460015
60.52941611554938
67.61651660855242
75.42365797300536
33.33333041744211
33.33333041744211
30.470830417442123
68.53232941518309
69.94296151835269
17.400205417442127
33.33333041744211
69.68400851162667
33.33333041744211
51.85733801004953
82.92061524493276
26.308014585410877
67.8394961935879
78.03908213371614
33.33333041744211
71.77340701966158
23.942925359217
69.31660875731521
72.28144899962739
24.08333041744212
68.53144196249403
30.470830417442123
33.33333041744211
20.470830417442123
30.470830417442123
33.33333041744211
67.45356325786793
48.68179807867503
74.13699330017396
33.33333041744211
31.528077085410875
30.470830417442123
33.33333041744211
79.64474438812127
28.333330417442124
68.44940557171282
69.75224414062448
79.78326425784161
33.33333041744211
33.33333041744211
73.14876609449361
33.33333041744211
85.92115797203626
82.69484507850507
33.33333041744211
33.33333041744211
28.333330417442124
76.55987327017537
18.71289760494212
17.400205417442127
75.65158388829084
67.80514664735213
33.33333041744211
33.33333041744211
29.796647604942127
82.3220093222931
22.015174167442122
66.8474298038065
33.33333041744211
77.85479500031278
76.24153187748419
67.30959825703214
72.40547070301042
91.03048805103224
33.33333041744211
74.3845460702691
70.08674684190335
68.44148170081391
33.33333041744211
24.08333041744212
24.988310611612047
70.48616167394935
68.17299133230797
74.48718704316798
83.0178219895879
72.0459898099238
25.900205417442123
73.33929744928139
70.05590692566547
30.470830417442123
74.7531672487822
20.745067710410876
68.73098826131383
72.20674536362453
33.33333041744211
71.06274512425529
76.07182380121988
27.751580609607625
21.79466286334593
33.33333041744211
33.33333041744211
30.470830417442123
24.79017416744212
74.74842721336888
73.02099041014255
33.33333041744211
84.17200043142653
69.7786866903758
33.33333041744211
30.470830417442123
33.33333041744211
70.4561792042605
24.08333041744212
73.6704202830667
72.05314310782633
74.69104793203469
50.60638021041086
32.01517416744212
68.35793983931171
67.44605051599193
33.33333041744211
32.01517416744212
33.33333041744211
76.45767165158325
74.94970864724095
69.46197054295678
55.89623503130072
35.90020541744212
76.7356783239923
68.38105356939683
75.30701334335647
68.74637589086652
24.79017416744212
66.96084685113075
67.54336191082689
75.74068478325971
72.51641780448604
20.470830417442123
25.900205417442123
33.33333041744211
28.333330417442124
27.400205417442123
29.796647604942127
69.02207149916859
14.79017416744212
71.9022785254263
28.333330417442124
24.65413414489786
16.82715002681713
72.95686535859355
44.80687446021555
33.33333041744211
68.90093064878222
33.33333041744211
33.33333041744211
71.57681402637337
12.940624460215554
30.470830417442123
33.33333041744211
24.79017416744212
79.63685392845444
33.33333041744211
33.33333041744211
22.57164760494212
70.5316292235625
80.55174052036452
33.29017416744212
33.33333041744211
20.28253972879955
73.147551643534
26.827150026817126
17.910900026817128
76.13415096889055
66.96423822347296
33.33333041744211
72.55124951024443
28.333330417442124
33.33333041744211
70.20029121332269
67.13794622595833
33.33333041744211
32.01517416744212
64.42847642657972
77.38030070287816
84.69904563752735
80.17987971921887
70.75669224562853
67.21150197189107
69.10870133769937
33.33333041744211
75.63719869858028
33.33333041744211
33.33333041744211
68.55485881728228
26.13330711646556
70.76451043155896
33.33333041744211
12.571647604942116
30.470830417442123
79.22309507389286
67.52185678183892
33.33333041744211
33.33333041744211
75.09052590315781
75.22346533135946
19.661317710410874
72.19514075010126
24.08333041744212
33.33333041744211
33.33333041744211
28.333330417442124
35.90020541744212
33.33333041744211
66.96532213677668
33.33333041744211
40.94926458541087
35.90020541744212
27.400205417442123
33.33333041744211
72.45140435490296
75.74840572899907
33.33333041744211
71.02907193395673
71.19155658719266
75.49743747328722
30.470830417442123
24.08333041744212
33.33333041744211
66.88426300749049
28.333330417442124
67.94363597057786
27.212897604942125
72.92798700410748
68.41135394103344
33.33333041744211
24.08333041744212
68.53771311489184
69.74119476120302
33.33333041744211
68.34911811613033
68.34903822535901
24.08333041744212
30.470830417442123
71.63218489000177
27.212897604942125
33.33333041744211
33.33333041744211
76.44891666537335
30.470830417442123
67.1325100769415
33.33333041744211
33.33333041744211
22.803077085410873
28.333330417442124
17.400205417442127
19.083014585410876
66.93372170620358
30.470830417442123
82.24981196344731
24.79017416744212
20.470830417442123
66.77682808491137
71.51433818322839
80.66415436604596
24.08333041744212
75.06366941460426
21.07164760494212
33.33333041744211
33.33333041744211
24.79017416744212
68.55942760520963
67.43371506509808
86.131236501131
33.33333041744211
39.58144433398384
86.5137735905609
66.6960347884478
17.400205417442127
33.33333041744211
33.33333041744211
22.015174167442122
23.106881693157217
30.470830417442123
68.43205448846963
77.06488981132118
25.900205417442123
70.06253607794604
66.79463238242653
72.39668725071378
69.5788374555721
20.470830417442123
77.76741929561481
21.440624460215563
66.73168953044663
66.74034517792742
24.79017416744212
32.01517416744212
82.75378103324705
24.08333041744212
33.33333041744211
73.81855892763507
33.33333041744211
54.078736871158426
25.900205417442123
33.33333041744211
69.01091709537465
77.08529042687701
68.61139426130727
34.40596252681712
66.8357521210575
71.65983309017099
33.33333041744211
28.333330417442124
26.827150026817126
67.13410567610734
27.400205417442123
79.83615984227482
66.83857711323462
24.08333041744212
69.19802581646657
69.56941279787743
21.610954434795495
30.470830417442123
33.33333041744211
48.085842853799534
66.85354169469701
33.33333041744211
33.33333041744211
28.712897604942125
33.33333041744211
67.05280760792145
33.33333041744211
28.333330417442124
24.405962526817124
78.13990989464509
67.90604128093693
33.33333041744211
68.68084183820491
75.49206400414917
33.33333041744211
33.33333041744211
67.27495479711416
28.333330417442124
69.34503408867518
29.796647604942127
33.33333041744211
33.33333041744211
74.52732161322056
70.41884170772954
33.33333041744211
15.22426458541087
24.08333041744212
74.3348871692494
33.33333041744211
33.33333041744211
27.400205417442123
24.08333041744212
33.33333041744211
33.33333041744211
23.13096252681712
28.333330417442124
69.38457687211485
68.79750264196123
28.333330417442124
73.18307923552943
27.400205417442123
79.84445612636384
30.470830417442123
20.470830417442123
82.93778924818191
24.08333041744212
77.92883044930494
71.07681258644102
33.33333041744211
23.520067710410874
71.15320759463839
71.15899412859817
72.61338974681864
67.66946537442911
72.83934393557324
68.94502337580595
68.69923733420931
24.054034885049546
33.27411610772988
69.40304271713057
81.71168379891155
33.33333041744211
74.88116731706353
68.02351341500584
67.28251117634302
71.20188117150579
68.56817536007779
69.42476405875446
67.36443655077301
79.99765288602488
68.77151452610073
69.79710886470924
76.50076766624464
68.5757650410977
33.33333041744211
33.33333041744211
24.57385751248385
33.33333041744211
33.33333041744211
30.470830417442123
67.2005660269052
78.31090666241377
72.1001518443297
56.67318093339126
73.1372506802326
30.470830417442123
74.08336268472824
47.86971529079902
82.18650017604766
33.33333041744211
74.7201700580857
33.33333041744211
68.92583110725562
39.586811960215556
71.97395882372494
33.33333041744211
23.820240767437895
29.043720138952338
28.333330417442124
68.2482700800557
67.70764832830889
67.48714074161248
77.51991049147131
33.33333041744211
71.73241178982379
74.51681734549878
33.33333041744211
81.43343394281514
73.88716445870085
75.05921348451977
33.33333041744211
33.33333041744211
33.33333041744211
30.470830417442123
33.33333041744211
27.400205417442123
67.02421227448046
67.13446196114032
34.808014585410874
47.772212526817114
28.712897604942125
27.910900026817128
24.08333041744212
77.19919692563273
24.08333041744212
30.470830417442123
33.33333041744211
33.33333041744211
49.16081811373655
68.6352475351439
68.56253555876194
77.1938777665261
72.43577601577546
24.08333041744212
71.09781289362853
69.71328506797163
25.900205417442123
68.67152716692421
28.333330417442124
66.88008020320814
24.08333041744212
67.61211144815886
30.470830417442123
28.333330417442124
25.900205417442123
33.33333041744211
76.48536310696038
33.33333041744211
69.9092103181788
78.46606452944222
67.4868996005762
33.33333041744211
33.33333041744211
30.470830417442123
69.2402035368909
33.33333041744211
33.33333041744211
69.208855367534
33.33333041744211
33.33333041744211
69.67517099892403
77.95619067612446
33.33333041744211
74.88478302003978
68.91706921930748
66.97254170585288
68.66419784099652
24.08333041744212
24.08333041744212
70.92962956820804
69.44432132508778
40.02807708541087
75.29381387206331
23.29017416744212
74.29322397224453
33.33333041744211
34.808014585410874
33.33333041744211
81.23092806203195
71.51627461854028
33.33333041744211
28.333330417442124
80.67596157541293
68.90865316847535
79.11972682206489
71.86685405552824
33.33333041744211
67.37246863579864
33.33333041744211
66.99218453148593
25.327150026817126
30.470830417442123
33.33333041744211
67.84980336464874
68.1898860167687
72.99150927527121
33.33333041744211
69.90747839275329
33.33333041744211
29.796647604942127
33.33333041744211
33.33333041744211
68.69121514171107
33.33333041744211
33.33333041744211
28.712897604942125
13.160882621764847
74.05778574413897
73.58259915391105
28.712897604942125
33.33333041744211
59.84467237953794
70.22347272767956
29.796647604942127
69.34858708108585
24.08333041744212
68.31273814511779
33.33333041744211
79.03165908555083
84.15067743926592
68.80700918376557
33.33333041744211
30.470830417442123
33.33333041744211
74.2931555797132
67.87495290456899
79.15927682409654
66.95663137526124
83.87690555457206
44.14387095147988
20.470830417442123
71.26478099897851
71.52937551197849
21.782539728799545
74.36664197535109
33.33333041744211
34.02801045748655
76.35694382263686
71.57098894989944
20.470830417442123
75.63816347086112
68.67527515961162
33.33333041744211
68.00065543926836
24.08333041744212
61.51810481643409
33.33333041744211
67.76505201097228
20.470830417442123
24.79017416744212
71.21101102831908
27.400205417442123
33.33333041744211
74.3074482200306
75.69046269434783
78.0298178612691
33.33333041744211
22.015174167442122
32.01517416744212
33.130962526817115
78.62228031762783
77.37381561328573
33.33333041744211
33.33333041744211
24.08333041744212
24.08333041744212
33.33333041744211
72.39854768379506
33.33333041744211
27.400205417442123
28.333330417442124
72.02745735238268
33.33333041744211
14.79017416744212
68.26487155113169
69.4562070218563
33.33333041744211
85.75740907859031
33.33333041744211
33.33333041744211
70.29550618228829
76.57259146128068
70.69877117059922
23.29017416744212
24.08333041744212
68.59606073308906
75.92658719381319
61.91913322540497
28.712897604942125
69.72650234312565
67.00231772630283
72.0971467238674
66.66811929743827
30.470830417442123
33.33333041744211
33.33333041744211
33.33333041744211
72.4673049777007
20.470830417442123
20.470830417442123
33.33333041744211
44.43789760494212
30.16562446021556
72.61103931035589
66.83926101642638
77.65496726359744
33.33333041744211
24.79017416744212
70.0898019424129
83.09114446993937
68.46976164366832
77.88258326180221
74.49179413411444
18.71289760494212
67.26464343620611
74.18068948469481
33.33333041744211
59.99979029719135
66.70331268331805
69.0088995326242
67.3037165776303
20.470830417442123
25.900205417442123
24.08333041744212
67.18544181378104
73.97651477965067
75.65580286535001
70.70516746641424
30.470830417442123
68.48497572063107
33.33333041744211
74.18223044498824
83.39057418193848
29.796647604942127
33.33333041744211
33.33333041744211
30.470830417442123
33.33333041744211
75.42771744606301
66.6711363448029
67.38218803986884
70.32528309350366
20.470830417442123
33.33333041744211
72.15482455159707
33.33333041744211
74.85658468721401
75.91530545769238
17.58301458541088
77.4373173019785
27.400205417442123
68.70868093916562
78.1855418166238
33.33333041744211
10.685900026817118
33.33333041744211
72.2060105555221
71.21163084396267
33.33333041744211
78.82518146360253
24.79017416744212
20.470830417442123
67.27694665534266
28.333330417442124
68.70819394647722
13.520067710410869
67.3514840903014
70.97969646347029
74.37130048722692
71.40753790852128
33.33333041744211
72.15077252754017
30.470830417442123
76.54552506632457
33.33333041744211
70.00773267806304
30.470830417442123
33.33333041744211
28.333330417442124
75.97381945521514
24.08333041744212
69.56599053522255
28.712897604942125
73.33040507299167
71.54568767070509
80.8858657080544
30.470830417442123
62.077844922234554
80.65252769874928
70.30449021268304
73.7715816360284
70.07042993030277
67.91888622667585
68.12028271431976
84.8368847420804
67.20172828744192
16.47522238504955
33.33333041744211
28.712897604942125
19.661317710410874
67.23349470244636
25.900205417442123
75.25790627498723
33.33333041744211
20.470830417442123
72.37460400628477
55.966925903100986
33.33333041744211
12.571647604942116
76.51674322047789
76.23296661665333
29.796647604942127
56.803642121549046
25.900205417442123
33.33333041744211
68.2292880923495
33.33333041744211
27.400205417442123
44.43789760494212
33.33333041744211
68.4574366652039
46.0339055807828
30.470830417442123
71.4134929115057
66.71564210974414
33.33333041744211
41.27903488504954
68.9066961363307
85.67558275002482
33.33333041744211
22.015174167442122
73.0363529424952
27.63330711646556
76.19533391311454
28.333330417442124
69.14414700088976
66.75806284264532
33.33333041744211
21.07164760494212
33.33333041744211
33.33333041744211
25.900205417442123
24.08333041744212
33.33333041744211
33.130962526817115
68.96983993691467
33.33333041744211
77.7515579334544
78.13111432370341
20.99278670598738
87.54580443457571
24.08333041744212
67.24105426803776
33.130962526817115
24.08333041744212
66.73732138990123
79.18852568274808
66.77101327698686
28.333330417442124
67.87647307200565
33.33333041744211
33.33333041744211
76.34366811668278
73.12814783150675
73.95982079374498
18.71289760494212
71.00813586695415
70.57955223348551
20.470830417442123
66.83322521114627
24.08333041744212
33.33333041744211
75.70680919494353
79.96960339389952
66.92542777733117
77.68054847311126
30.470830417442123
73.09665750408625
70.4950248708514
68.28082592962107
30.470830417442123
67.55847527789378
70.58827344715168
33.33333041744211
33.33333041744211
74.74982548159505
67.93814222769502
78.61690541513528
70.86874850410133
27.400205417442123
43.358307116465554
68.44146787989854
69.94878265121231
24.08333041744212
33.33333041744211
68.50167985001883
33.33333041744211
24.08333041744212
72.3307250013256
21.440624460215563
33.33333041744211
70.93104033469892
69.78102599449544
29.782998254186726
73.49944576850909
28.712897604942125
28.333330417442124
33.33333041744211
66.74272882516675
30.470830417442123
33.33333041744211
72.62595833147141
69.1772785033096
33.33333041744211
33.33333041744211
24.08333041744212
71.63104441142724
67.91209829351581
56.803642121549046
28.712897604942125
33.33333041744211
26.308014585410877
44.43789760494212
69.43878379395726
69.79136863562829
20.999530353799546
24.08333041744212
69.60827800973027
24.08333041744212
68.67361547855867
24.08333041744212
72.15391903733395
33.33333041744211
33.33333041744211
68.24953889286962
85.70733945045595
33.33333041744211
78.529687885331
28.333330417442124
29.796647604942127
40.16926045748656
68.861422361621
33.33333041744211
33.33333041744211
33.33333041744211
28.333330417442124
33.33333041744211
68.13894287499129
67.5788168143127
69.16551797385794
70.43850683373876
78.87382438116238
62.29038865658529
24.08333041744212
77.11373006429102
40.515174167442126
27.400205417442123
33.33333041744211
66.68223640742248
30.470830417442123
69.91561630267832
23.29017416744212
73.24992862299868
29.796647604942127
69.07402701380279
67.12129162882795
32.21331061161203
70.29250791944818
33.33333041744211
68.46722549494415
33.33333041744211
67.54114234265211
33.33333041744211
33.33333041744211
30.470830417442123
80.78100928211674
33.33333041744211
66.6668666183877
34.387851868609765
33.33333041744211
71.02549970525494
73.24479099004057
29.796647604942127
30.470830417442123
72.96007918395135
24.945561960215564
22.015174167442122
67.30438642825168
66.66682604102463
71.0526854083878
32.01517416744212
68.19529876799066
72.68384259998541
33.33333041744211
35.90020541744212
28.333330417442124
28.333330417442124
17.910900026817128
20.28253972879955
33.33333041744211
20.470830417442123
33.33333041744211
74.55133673609252
33.33333041744211
75.98038509097665
68.89810303700744
67.88353817879026
72.48091497874066
33.33333041744211
68.58390290571687
17.400205417442127
17.400205417442127
71.18909434952737
28.29886508521556
33.33333041744211
67.39674471067451
66.93129458641913
33.33333041744211
24.08333041744212
33.33333041744211
33.33333041744211
69.8177077515442
33.33333041744211
82.20140378729957
22.57164760494212
33.33333041744211
67.01966576854781
14.79017416744212
72.6519171306787
27.400205417442123
68.3911291373747
33.33333041744211
33.33333041744211
68.20281109270225
77.72928611566016
24.405962526817124
27.400205417442123
76.2251458958478
27.400205417442123
72.2048385185465
69.0474131469304
26.71211961646556
33.33333041744211
66.81989520473562
46.16932708541087
22.57164760494212
80.54299944803039
32.01517416744212
30.470830417442123
33.33333041744211
33.33333041744211
71.07291172000947
70.88141885924986
33.29017416744212
33.33333041744211
33.33333041744211
66.71947505412842
30.470830417442123
70.8685872053295
33.33333041744211
30.470830417442123
74.23848288838397
73.53359800659776
79.84741182988188
67.39454413401096
77.55011515013264
32.21331061161203
66.98374589338837
28.333330417442124
33.130962526817115
59.54063062365938
21.528077085410875
12.571647604942116
14.303077085410868
78.22872373162706
33.33333041744211
67.52536478588787
68.62417330426018
70.01651189370014
76.40527670800012
72.80173205921628
33.33333041744211
78.86457273604147
24.08333041744212
71.61721440998335
78.5633239066924
66.6909847969643
79.28262516832947
78.66266913275314
68.57420540722191
23.29017416744212
68.01190563242889
33.29017416744212
80.14987866624641
33.33333041744211
44.43789760494212
20.999530353799546
33.33333041744211
77.3011606111632
75.31130165028426
71.78014629913471
33.33333041744211
33.33333041744211
33.33333041744211
33.33333041744211
73.74130320211273
33.33333041744211
71.73678061735423
72.4362750876086
66.80820926908343
68.9769092594324
24.08333041744212
77.6202399028792
67.67707013897117
78.50681682756874
72.423449432344
26.827150026817126
66.69020482395511
13.599085172034409
73.43411694795718
28.333330417442124
33.33333041744211
66.67497432185746
33.33333041744211
81.60852181052655
71.24043937217083
79.50043761113541
30.470830417442123
72.51470975584998
28.333330417442124
33.33333041744211
30.470830417442123
30.470830417442123
66.75501347907641
73.1437934235047
23.29017416744212
33.33333041744211
27.400205417442123
74.93294515601698
33.33333041744211
30.470830417442123
68.04070730686585
67.29615338556633
64.11949124215916
67.43660520636425
49.24392758521556
68.40629340592206
33.33333041744211
67.90092259558946
77.47243291563296
60.5090945158257
22.15761508521556
26.13330711646556
33.33333041744211
71.73734293687615
33.33333041744211
7.437509074688041
33.33333041744211
33.33333041744211
16.308014585410877
34.808014585410874
67.82282491262455
73.84785991474551
85.06251232948094
65.4475003696524
28.333330417442124
78.82981272945354
20.33397238504955
82.978162397158
76.67523768412532
71.5710660936185
67.42090341766941
33.33333041744211
67.36652619406392
82.0311476237539
30.470830417442123
30.470830417442123
69.4348516336904
33.33333041744211
75.55505961811761
68.9500168329717
27.400205417442123
33.33333041744211
68.85172538926538
71.23809589502648
80.19399664980047
33.33333041744211
28.333330417442124
73.78607969654922
19.185900026817123
28.333330417442124
73.69279381441282
73.57801407112775
23.22092921490843
19.349600363345935
68.95541551307421
67.1805712935712
20.470830417442123
70.85248831247574
71.53802207828274
20.470830417442123
73.9686775916116
67.818562812535
67.81735644571681
67.85473973305514
33.33333041744211
17.400205417442127
73.67022043571124
27.910900026817128
76.08476221621015
45.389322957486556
33.33333041744211
20.470830417442123
75.11182437185803
70.72234886276308
14.79017416744212
32.01517416744212
73.41840448975411
84.60316147617282
48.32410189528848
26.827150026817126
72.8044160173269
69.49000580260675
28.333330417442124
27.212897604942125
70.68085882329287
67.16589402630838
67.55806842252933
19.796647604942123
33.33333041744211
67.02493585198509
80.40499734885204
73.12794205234476
29.796647604942127
85.23007606255506
80.66207685334126
68.8312057739433
24.08333041744212
67.1801201559434
72.98146757710741
47.52228987137423
33.33333041744211
35.84284482204903
33.33333041744211
33.33333041744211
69.8005059623567
78.93914487311089
20.470830417442123
25.900205417442123
75.57869387430313
33.33333041744211
72.04394569942907
74.9573176700583
75.43054283076918
75.82210540207258
22.57164760494212
75.81804037688508
33.33333041744211
24.08333041744212
75.15637551148912
23.488310611612047
17.400205417442127
33.33333041744211
33.33333041744211
27.400205417442123
80.25165074858432
78.0669856623283
33.33333041744211
32.01517416744212
24.08333041744212
20.470830417442123
20.470830417442123
30.470830417442123
74.06167695184399
74.86779644132376
24.08333041744212
66.99666414345747
68.7111955593746
69.10353846953626
76.03837493337069
33.33333041744211
30.470830417442123
58.28309536593301
82.98640064739811
45.391168554846914
28.71705711646556
33.33333041744211
68.41456227578904
71.21891231695174
33.33333041744211
25.900205417442123
24.08333041744212
82.44169457960652
58.28309536593301
33.33333041744211
68.2081473860111
15.062477228799542
28.333330417442124
67.83938942945687
33.33333041744211
67.15053729109607
69.8888609189975
33.33333041744211
33.33333041744211
41.630962526817115
68.0336213172944
33.33333041744211
51.293785027624224
18.29886508521556
40.515174167442126
86.24321297326036
68.4807175228554
80.65786536241498
79.69014442333562
24.79017416744212
82.06246266870839
33.33333041744211
25.905962526817124
69.91138831633444
33.33333041744211
30.470830417442123
75.4746872040967
74.21215618422693
61.89648668188593
30.470830417442123
72.06142318094466
67.40559699565759
70.37971445393836
33.33333041744211
25.70555969494701
38.29664760494212
24.08333041744212
25.905962526817124
68.7461358236432
71.31144489835906
33.33333041744211
28.333330417442124
27.400205417442123
33.33333041744211
33.33333041744211
28.462789395288485
69.73314175509734
24.08333041744212
33.33333041744211
47.772212526817114
23.29017416744212
19.796647604942123
82.82946032747047
33.33333041744211
30.470830417442123
73.31929610061471
70.27931901064798
26.050684865486193
32.01517416744212
76.43385933397029
21.440624460215563
74.93117224149769
24.08333041744212
68.22701056158088
68.19081559135125
76.56760466546375
73.90679684394972
81.55904678493373
17.993557759866444
28.333330417442124
83.84098471496979
69.11851225378346
20.470830417442123
33.33333041744211
33.33333041744211
70.64308877992273
33.33333041744211
67.51130463688547
68.6513718311247
28.333330417442124
22.803077085410873
67.96052927508677
71.03419713722658
67.5080577182858
53.767613508802505
33.33333041744211
20.470830417442123
74.29406278574172
20.470830417442123
73.058609339575
71.77146202307647
69.88477023659398
72.57215643728166
73.20367835085466
23.29017416744212
67.31453378646624
66.78877760205938
32.01517416744212
24.08333041744212
17.400205417442127
68.83264838001928
24.08333041744212
73.96860623086587
33.33333041744211
22.57164760494212
33.33333041744211
32.01517416744212
77.18471330809435
25.905962526817124
27.400205417442123
70.30530528125988
74.5791612148705
33.33333041744211
67.43959119253164
39.8926555807828
72.3905710604041
28.333330417442124
30.470830417442123
24.08333041744212
33.33333041744211
30.470830417442123
20.470830417442123
69.64401696567225
42.55215002681712
69.21649920955775
73.18699230317847
33.33333041744211
33.33333041744211
71.35308631017567
67.59153322777826
33.130962526817115
33.33333041744211
71.90766237258941
70.4818396299948
74.3109026965349
69.28866864319576
23.520067710410874
69.55455628848667
33.33333041744211
67.21398192994921
49.16081811373655
25.905962526817124
67.41933650888349
28.712897604942125
30.470830417442123
68.68728884632361
67.64920379163681
22.015174167442122
71.077944674862
69.07561997580743
70.25952488706622
20.470830417442123
20.470830417442123
69.47213510405345
24.79017416744212
67.92893492982977
33.33333041744211
33.33333041744211
27.381313582486555
33.33333041744211
69.6359180274642
67.6701326609983
33.33333041744211
70.57663929685995
76.58830179899408
47.772212526817114
75.97281727998543
67.26187886892298
16.82715002681713
27.212897604942125
67.09492390119475
14.79017416744212
33.33333041744211
67.63858957090261
33.33333041744211
30.470830417442123
66.68458778271697
30.470830417442123
33.33333041744211
17.400205417442127
24.79017416744212
65.86878998657708
35.90020541744212
69.12938650014314
69.57285395712316
33.33333041744211
66.18510720139216
33.33333041744211
28.71705711646556
72.77337458365311
28.333330417442124
24.08333041744212
32.01517416744212
79.06294817451136
67.83903990964829
33.33333041744211
15.578105207095929
33.33333041744211
26.475222385049545
78.17152580394061
70.95297136175407
28.333330417442124
62.631262804210536
33.33333041744211
78.83578067857938
69.02893917429381
33.33333041744211
33.33333041744211
69.6401112752598
75.92679688241084
71.97175780879296
75.66103236612003
19.686749791116444
74.63831664969689
68.29242584558403
33.33333041744211
33.33333041744211
65.65304427736386
15.22426458541087
72.39755452053198
73.125413889934
68.64231276254452
77.38989748803745
69.77464820819814
35.90020541744212
33.29017416744212
46.16932708541087
69.7668410485573
72.21502168194473
33.33333041744211
66.95285743229086
28.333330417442124
33.33333041744211
20.346551236612047
33.33333041744211
67.1216099605019
27.294568113736556
16.82715002681713
82.90928508587713
72.8487435544723
28.333330417442124
67.65125438576376
30.470830417442123
75.0057084695484
72.60045961972875
33.33333041744211
33.33333041744211
72.47758085499264
30.470830417442123
33.33333041744211
73.5364419913461
33.33333041744211
66.86003265221125
30.385882621764853
68.86738727862057
29.965063582486557
24.08333041744212
69.4552390367751
75.20486156042914
68.48749398239622
28.712897604942125
68.16021085542373
80.67293245697115
74.26271768092742
30.470830417442123
67.26848888321628
33.33333041744211
28.333330417442124
27.400205417442123
15.337907322049025
73.7072540285363
77.22589308709924
82.87572911490085
78.78186213812296
77.17882312536138
60.09568724507237
66.76870933158419
84.30533493753724
71.2190136750248
17.400205417442127
28.333330417442124
33.33333041744211
77.90567553021909
67.88143336301597
33.33333041744211
77.11870762341765
30.445929214908432
33.33333041744211
23.520067710410874
24.08333041744212
66.78197218408808
70.41973553375732
73.44638419615768
33.33333041744211
72.02012542697194
79.54636101805546
33.33333041744211
33.33333041744211
67.28564442787555
25.900205417442123
85.69000360839775
78.52017315219085
25.900205417442123
70.5839342806869
68.67086247315407
77.15030462075676
24.205301236612044
69.95094358144803
28.29886508521556
77.7118150758139
20.470830417442123
83.79958175450872
33.33333041744211
33.33333041744211
24.08333041744212
71.74210728590373
70.22092359160266
69.08953948714351
28.333330417442124
67.17175815938067
82.16704528521684
82.39932082132576
68.29919325079202
33.33333041744211
24.08333041744212
28.333330417442124
76.95288787057852
69.37994709600832
13.861811960215556
78.87841182225696
81.6625865717136
75.72524790253333
30.470830417442123
27.400205417442123
76.22981023419533
46.16932708541087
68.66839741251962
10.420001042368208
70.32112914494341
33.33333041744211
33.33333041744211
24.08333041744212
24.08333041744212
30.470830417442123
30.470830417442123
33.33333041744211
76.0676785671498
79.6384646504447
33.33333041744211
71.04765745679417
67.2768276816281
80.79052543355313
86.48883378642006
67.96843215974364
32.01517416744212
24.79017416744212
70.77563861978626
33.33333041744211
33.33333041744211
41.37211440546209
70.40255717818417
69.98376481006785
68.58217529918616
28.333330417442124
21.07164760494212
70.51005800768283
74.46737018668094
24.08333041744212
66.81412717615686
24.79017416744212
22.57164760494212
12.571647604942116
33.33333041744211
82.3018502372183
24.08333041744212
66.89655416775872
26.308014585410877
71.35301213196261
33.33333041744211
77.90127427006237
28.333330417442124
78.4884698484657
30.470830417442123
73.4166246248064
30.470830417442123
86.67892503172335
77.77982805193335
71.6557226623126
75.68691413480353
33.33333041744211
69.70309831247273
44.43789760494212
37.88261508521555
15.062477228799542
76.59181139542186
76.20160948876816
71.45209656548434
73.53866573772672
21.22893858990843
68.68016975938049
68.33119178012967
28.333330417442124
33.33333041744211
19.083014585410876
76.4331032594981
33.33333041744211
67.05512373409097
70.5875097397071
33.33333041744211
16.99324811161205
22.015174167442122
22.703727228799547
67.15429767472423
24.08333041744212
66.95382743926375
33.33333041744211
76.94569050051147
78.54203216933331
73.22599660901815
67.40656807118319
66.88816949451217
28.333330417442124
27.400205417442123
69.91747394873983
33.33333041744211
47.772212526817114
33.33333041744211
33.33333041744211
33.33333041744211
67.38945646709125
33.33333041744211
24.79017416744212
33.33333041744211
30.470830417442123
33.33333041744211
66.73593412326038
72.35547391479822
33.33333041744211
69.21818382337473
15.255085453357621
67.68852868663798
67.97595074287672
91.24726510951153
70.26946132934131
71.13751622993213
27.910900026817128
77.64717707056232
27.910900026817128
66.95314874177011
74.64786048067559
7.720561960215557
81.39484097197153
72.01650395981594
33.33333041744211
27.212897604942125
67.15625218208476
24.08333041744212
15.905962526817119
67.86855075456837
27.212897604942125
70.87868869504534
32.01517416744212
75.85889593105209
67.95098002192589
23.13096252681712
71.77433333202983
33.33333041744211
24.08333041744212
33.33333041744211
24.08333041744212
69.49791327814167
30.470830417442123
33.33333041744211
69.76736901213508
33.33333041744211
33.33333041744211
69.08449971467988
12.571647604942116
74.71335100288687
70.54847402708381
30.470830417442123
67.6903887757846
25.900205417442123
68.12661729823087
33.33333041744211
33.33333041744211
76.77958339877813
24.08333041744212
23.86181196021556
66.88860180092708
33.33333041744211
33.33333041744211
75.78857282910857
32.01517416744212
75.46741852816079
33.33333041744211
69.50400153176872
72.3662107097586
32.01517416744212
79.56386193165899
83.24926752180302
24.08333041744212
49.24392758521556
71.44195530060638
13.571349665799028
24.08333041744212
33.33333041744211
24.303077085410873
33.130962526817115
80.00222126180577
80.98365806528038
68.55318721781714
24.08333041744212
33.33333041744211
77.69727761677605
72.8347620457736
33.33333041744211
67.0958402829979
19.283402790799034
30.470830417442123
68.05879017272032
13.732946644897856
33.33333041744211
33.33333041744211
71.62848215400491
19.992057116465563
21.07164760494212
67.7763661980607
16.82715002681713
20.470830417442123
29.661317710410874
72.97630351955695
67.72113860200702
20.470830417442123
33.33333041744211
33.33333041744211
17.400205417442127
30.470830417442123
33.33333041744211
81.86758047707104
72.07739677284249
76.2453774022622
20.470830417442123
72.61531501433481
24.08333041744212
33.33333041744211
42.43711961646555
24.79017416744212
70.67200878755514
66.74778930945587
66.93623461482983
73.81996508784209
78.25746694753136
64.85953559272677
24.08333041744212
70.20185256443455
73.70326141128807
68.40108337178526
20.685900026817123
31.071647604942125
27.400205417442123
33.33333041744211
57.29866116498637
66.84984376641042
33.33333041744211
7.057558451479888
59.539756220011085
33.33333041744211
33.33333041744211
78.9607002514304
24.08333041744212
79.83288014540355
78.55183476752032
17.400205417442127
67.55725050797244
68.85629427279243
73.2032152993515
20.470830417442123
83.8492413520634
66.04417469166654
72.07889894965257
83.0446465474832
33.33333041744211
70.35256198936383
30.470830417442123
75.91928188357673
68.86375248194092
75.33535050260923
33.33333041744211
24.79017416744212
28.712897604942125
30.470830417442123
33.33333041744211
77.16022437521028
70.65818780310254
17.633307116465566
22.020067710410874
18.71289760494212
73.42920301047664
66.84643315125818
33.33333041744211
71.3900136477662
70.99242277386958
68.54901429958402
33.33333041744211
33.33333041744211
70.32808757025882
67.27433946063181
81.23777553102164
69.99373318592232
33.33333041744211
71.68038504031611
72.19035032874666
33.33333041744211
67.8952496300639
86.26103143608934
70.48401752224333
17.633307116465566
33.33333041744211
67.07251069805345
79.30600723770071
77.01973083632855
33.33333041744211
71.1646925402842
68.19917168575064
33.33333041744211
25.900205417442123
10.685900026817118
77.2090152030963
33.33333041744211
74.06942252856264
67.51584931330731
71.34796572885311
74.93513001363048
33.33333041744211
50.60638021041086
74.45418805954972
68.88964210168285
73.00430327317768
33.33333041744211
70.83524188472882
14.79017416744212
33.33333041744211
33.33333041744211
74.45081274617
68.36180139757323
79.42856366880132
33.33333041744211
33.33333041744211
21.07164760494212
75.423917342508
28.333330417442124
79.37764758634792
69.79759135232503
33.33333041744211
77.22104603677646
20.470830417442123
69.25119336918516
15.22426458541087
70.60009976705166
25.900205417442123
24.08333041744212
30.470830417442123
33.33333041744211
24.08333041744212
67.05947493157171
27.400205417442123
75.68456454355912
71.99131124147634
24.08333041744212
33.33333041744211
9.08301458541087
33.33333041744211
75.47721465589898
33.33333041744211
67.7893522402824
33.33333041744211
33.33333041744211
22.803077085410873
22.57164760494212
69.33548791053833
19.185900026817123
72.34491303030286
66.77541354314712
74.52654206141436
33.33333041744211
22.015174167442122
25.900205417442123
82.46207053807304
67.45219771793245
24.08333041744212
74.76304868671639
80.7778819164648
68.45521895198591
76.80930941127912
20.470830417442123
66.8664540038653
77.6853440981641
33.33333041744211
68.31909673506871
33.33333041744211
33.33333041744211
66.68335523976795
33.33333041744211
33.33333041744211
33.33333041744211
68.72061007960684
70.72468641819468
33.33333041744211
33.33333041744211
70.81147846670073
71.90943575051668
24.08333041744212
17.400205417442127
77.07896100869223
72.43561117358603
62.29038865658529
33.33333041744211
69.39346727337063
75.74501773516832
33.33333041744211
24.08333041744212
78.32177877061442
14.79017416744212
24.08333041744212
33.33333041744211
33.33333041744211
72.06409221671163
33.33333041744211
32.01517416744212
35.90020541744212
33.33333041744211
23.86181196021556
35.90020541744212
70.826709972683
68.03964991840209
33.33333041744211
26.475222385049545
71.1243300626417
21.528077085410875
91.96169009503942
69.06134768052054
28.333330417442124
33.33333041744211
75.87041904193907
33.33333041744211
75.16876951147094
74.89646032303567
33.33333041744211
33.33333041744211
33.33333041744211
75.32435113486021
81.31295878461746
70.72644600367437
74.19593055988076
33.33333041744211
21.528077085410875
75.21550147485546
66.73287590346835
70.61199338661741
28.333330417442124
28.712897604942125
28.333330417442124
73.87929620194633
27.212897604942125
24.08333041744212
66.98393483452736
30.745067710410876
33.33333041744211
33.33333041744211
12.571647604942116
81.86730896737882
67.8976765085389
17.400205417442127
28.333330417442124
33.33333041744211
25.224264585410875
33.93711961646555
77.43440175569566
24.282558451479893
37.21961157647989
33.33333041744211
33.33333041744211
78.20771218597103
73.11832980049196
24.08333041744212
24.08333041744212
70.47985228874016
24.08333041744212
33.33333041744211
33.33333041744211
71.48089453467509
75.57940488575666
75.92157332786451
75.4524955563287
69.17338669228954
33.33333041744211
76.24798993614739
33.33333041744211
81.45858830163066
33.33333041744211
68.53731150588887
24.08333041744212
76.68701118569886
69.13532880522229
25.900205417442123
76.67010928555457
16.47522238504955
74.47692340937161
67.09718251024276
33.33333041744211
68.0569335427381
69.21887616467643
67.54617064781924
33.33333041744211
69.04709830717339
68.10502972007174
27.400205417442123
17.400205417442127
44.43789760494212
33.33333041744211
28.333330417442124
66.78998169324738
33.33333041744211
78.55153176166257
67.92349141094279
20.470830417442123
41.98409482204903
70.7261930364425
33.33333041744211
68.14423677465415
33.33333041744211
17.400205417442127
30.470830417442123
28.333330417442124
33.33333041744211
33.33333041744211
72.46057779378759
35.49324811161205
67.0546569183177
80.9575979247284
33.33333041744211
15.90949811161204
33.33333041744211
33.33333041744211
73.44226514431682
75.30588775046026
66.9642614271942
17.400205417442127
33.33333041744211
14.79017416744212
78.38383664853876
33.33333041744211
68.35812652183563
24.08333041744212
66.73508710810114
24.79017416744212
67.27148627025247
33.33333041744211
58.93610315583065
37.57892107117182
68.11749285360152
33.33333041744211
23.241388988647863
33.33333041744211
28.333330417442124
60.52941611554938
33.33333041744211
33.33333041744211
73.84351611378598
19.185900026817123
85.01408696374908
24.79017416744212
72.80340859187555
56.96735911242342
77.18486459458252
24.409498111612045
33.33333041744211
33.33333041744211
79.66577726167262
12.571647604942116
33.33333041744211
77.13702659922357
66.92130601965812
74.11765749472397
83.20787021501698
12.571647604942116
27.140780353799546
32.01517416744212
71.72187111600226
33.33333041744211
67.12519640961746
28.846551236612044
30.470830417442123
67.22836850849157
73.5120607999618
70.87502426747903
19.536138297034412
36.41090002681713
67.71053603788465
72.96054429766053
31.22893858990843
33.33333041744211
33.33333041744211
33.33333041744211
33.93711961646555
33.33333041744211
74.04882065663382
24.945561960215564
69.0937154992061
33.33333041744211
74.56558012654477
28.333330417442124
33.33333041744211
30.470830417442123
11.59548557867503
33.33333041744211
78.51411969303149
73.85462982568657
66.79674227355162
70.47169784953742
69.09723051673814
28.712897604942125
85.28862254256966
55.06310889286203
63.84855538769777
36.05897238504954
33.33333041744211
70.12903728210563
69.54352477556921
72.88057984554067
33.33333041744211
33.33333041744211
73.21827743178267
28.333330417442124
33.33333041744211
22.57164760494212
32.01517416744212
68.43951244087421
27.400205417442123
74.22282813975156
66.9177706132744
28.333330417442124
76.2792207943117
14.303077085410868
26.308014585410877
70.04628043945702
72.03511227165583
69.44374416278681
72.3340869857814
67.46544463164886
70.86422714289667
16.156408332095936
66.86822790069235
24.08333041744212
68.30520553478974
68.59825932772661
28.333330417442124
71.61744820835506
30.745067710410876
66.86074854181473
67.20176941936168
50.24719512176485
30.470830417442123
85.13388152529511
33.33333041744211
24.08333041744212
24.08333041744212
33.33333041744211
18.167445432158992
30.470830417442123
32.01517416744212
69.55909747633387
33.33333041744211
33.33333041744211
79.44520113551016
27.400205417442123
75.35648543076857
76.51600936277737
14.79017416744212
28.333330417442124
28.333330417442124
33.33333041744211
75.99015264989391
69.62407336793746
24.79017416744212
20.470830417442123
27.400205417442123
60.337723445949166
66.67106170018396
64.54063062365937
78.72944928843586
33.33333041744211
77.54609375672081
68.46883099448804
33.33333041744211
33.33333041744211
33.33333041744211
24.08333041744212
33.33333041744211
67.05199128952994
14.79017416744212
64.59761750944749
33.33333041744211
24.08333041744212
28.333330417442124
63.00857570452166
74.5631881160883
67.81323957735233
33.33333041744211
33.33333041744211
33.33333041744211
68.19442911929083
30.470830417442123
33.33333041744211
73.85921350695594
83.97018612079611
68.09502294869002
28.333330417442124
32.01517416744212
33.33333041744211
69.53800744329762
32.68087894693619
69.32452110693382
67.0337323550256
75.44437181748387
33.33333041744211
28.333330417442124
22.57164760494212
76.77419832528889
68.16402095911704
13.861811960215556
78.75472726460552
24.08333041744212
67.36253181374353
19.185900026817123
40.515174167442126
74.13289663210453
33.33333041744211
33.33333041744211
60.609535592726786
33.33333041744211
33.33333041744211
73.51951407496217
33.33333041744211
83.54886653062655
25.900205417442123
33.29017416744212
70.12127194530595
68.25994680817993
27.400205417442123
80.43138766547041
69.07462496578192
69.93347081601257
20.685900026817123
20.470830417442123
33.33333041744211
58.93610315583065
24.08333041744212
33.33333041744211
67.06247190799829
33.33333041744211
83.62148723454581
33.33333041744211
71.94888675050034
22.57164760494212
33.33333041744211
78.70179150307817
83.11208232963389
24.08333041744212
33.33333041744211
68.43114167814952
75.10820826175808
69.8239437419779
77.55791982351204
79.27917226567979
33.33333041744211
67.63087418668717
72.10151179127517
23.724264585410875
33.33333041744211
16.712119616465564
70.12396868401785
76.12630157782239
24.08333041744212
33.33333041744211
70.15313049502767
33.33333041744211
83.91557100560317
71.38181279188707
72.9918691069364
72.76513598266062
68.26293837149483
68.31460028893191
70.87791391145971
78.46501889814445
72.81886533152601
78.58307123045603
31.081444333983843
33.33333041744211
25.900205417442123
33.33333041744211
80.42376320112426
33.33333041744211
14.79017416744212
73.88037295104482
33.33333041744211
28.333330417442124
20.470830417442123
30.470830417442123
28.333330417442124
30.470830417442123
33.33333041744211
33.33333041744211
78.11944856188902
66.75055307608247
33.33333041744211
17.400205417442127
70.73730091724912
77.23795088647701
33.33333041744211
20.470830417442123
33.33333041744211
18.71289760494212
24.08333041744212
67.17288324689626
76.04671598276104
71.34224882835422
70.8884561428643
84.47970530564973
26.574600363345933
66.82239882158207
33.33333041744211
72.56469838438687
73.5605081199531
24.08333041744212
33.33333041744211
69.4149554748488
66.68793874601226
66.88080965309987
74.76603917329558
68.73913390414309
78.3416302333521
82.82222803435266
33.33333041744211
77.37545966772649
33.29017416744212
69.44617758887188
42.55215002681712
72.72213136720967
67.17287662148495
72.08200777180696
70.97263982644711
33.33333041744211
24.08333041744212
67.96834786837265
68.35589311385566
73.17807706805279
25.900205417442123
33.33333041744211
70.65174081846368
24.08333041744212
72.49746492933205
33.33333041744211
20.470830417442123
30.470830417442123
33.33333041744211
25.327150026817126
21.218986746374227
33.33333041744211
28.333330417442124
9.08301458541087
24.79017416744212
24.08333041744212
75.3922468527435
55.55819011554239
24.08333041744212
83.8540855800736
71.24064237189934
24.08333041744212
66.96676147115846
51.85733801004953
72.84956955388739
71.42853135173986
71.5386038363035
27.400205417442123
66.87634824858368
33.33333041744211
67.73620212647454
33.33333041744211
24.08333041744212
67.01759678384386
70.62209645300888
74.44012714906934
77.0788653336977
45.87018858990842
75.83929652657086
67.31462196571562
28.333330417442124
68.21352026205307
31.430301236612046
33.33333041744211
33.33333041744211
80.26053516552764
71.58361747264567
35.74015833209593
33.33333041744211
78.19068169359167
20.470830417442123
78.04714127940692
69.12692268821083
20.470830417442123
20.470830417442123
67.13780448145812
25.905962526817124
47.349641834292385
28.333330417442124
22.57164760494212
24.08333041744212
32.01517416744212
32.21331061161203
33.33333041744211
75.3455071900862
66.92162943142702
69.29282029630674
82.38881649153619
72.85861355677885
71.83206854976562
23.29017416744212
24.405962526817124
22.57164760494212
71.9389585100345
71.87931701629793
68.73574045143927
67.97338093715832
66.79790575963236
68.20516394179671
33.29017416744212
20.470830417442123
68.4497319142323
30.470830417442123
76.24415011476268
78.54820130403918
77.8320133246726
33.33333041744211
33.33333041744211
63.105541617543395
74.70870350361497
33.33333041744211
68.68307597781173
33.33333041744211
24.405962526817124
25.900205417442123
68.70019902915163
53.24202065271035
25.905962526817124
24.08333041744212
33.33333041744211
24.08333041744212
67.24416767836544
27.400205417442123
67.72850869122398
27.910900026817128
66.90322838329678
33.33333041744211
22.015174167442122
30.470830417442123
78.20042324287144
24.79017416744212
76.85111387579855
20.470830417442123
28.333330417442124
72.40184487443511
26.92465279079903
27.400205417442123
67.22149958096523
33.33333041744211
20.470830417442123
72.3801115196186
74.06928356443082
25.900205417442123
17.400205417442127
20.470830417442123
76.89788579032303
33.33333041744211
33.33333041744211
59.19453864832742
33.33333041744211
73.43841368891009
70.86344699728703
70.98222506575138
24.08333041744212
33.33333041744211
21.20395246426748
35.90020541744212
55.06310889286203
67.24435390453804
28.712897604942125
24.08333041744212
29.382615085215562
67.23098960905041
77.8913197215544
33.33333041744211
72.14852458304365
60.609535592726786
72.27295279816636
33.33333041744211
25.900205417442123
33.33333041744211
64.65595534021473
33.33333041744211
9.665026975315874
24.08333041744212
33.33333041744211
66.70247564660411
30.470830417442123
36.13586157647988
84.03380002629149
27.37573027959512
33.33333041744211
66.86615276976929
30.470830417442123
68.62241461335257
32.01517416744212
33.33333041744211
30.470830417442123
15.490850363345926
73.9625598023984
82.2742287497088
20.470830417442123
27.400205417442123
33.33333041744211
24.08333041744212
30.470830417442123
68.91058116791096
27.63586157647989
24.08333041744212
24.08333041744212
67.84774699806687
18.22453035379955
69.80232083075552
33.33333041744211
67.05269081490552
33.33333041744211
75.57043541729784
33.33333041744211
30.470830417442123
28.30179577033245
25.900205417442123
75.25496792313635
25.224264585410875
22.015174167442122
69.49985087529856
32.01517416744212
81.22157906232319
78.55504286646905
28.333330417442124
33.33333041744211
68.41390457146228
73.16248905832057
72.42945593622801
24.08333041744212
16.45785189528849
86.31034625208642
73.8055991468902
70.51560588000835
31.528077085410875
66.51810481643408
66.68517341156044
69.75957007582336
74.1037627252441
33.33333041744211
33.33333041744211
69.24055376952501
28.333330417442124
67.63497470035956
30.470830417442123
24.08333041744212
71.24752971904766
33.33333041744211
33.33333041744211
20.470830417442123
33.33333041744211
33.33333041744211
50.872965988345925
33.33333041744211
67.81050935412618
76.64878388383909
70.29615687844226
71.47126389443855
29.299505613736557
20.470830417442123
28.333330417442124
69.40140079213883
67.91092800299549
76.19549223226727
66.77053032703479
15.06901706045449
77.70476212527952
80.25741782992438
28.333330417442124
79.02305994874868
33.33333041744211
71.63958658343495
41.77411610772988
80.66620801310728
30.470830417442123
33.33333041744211
17.910900026817128
18.26824811161205
67.52236257777896
27.400205417442123
33.33333041744211
70.50121392205317
33.33333041744211
19.796647604942123
22.015174167442122
68.87068279060202
25.78769791105962
33.33333041744211
78.88071381555658
12.571647604942116
80.9066175748741
30.470830417442123
24.79017416744212
78.8778129877592
33.33333041744211
50.60638021041086
74.30435604200484
33.33333041744211
81.63191966630846
33.33333041744211
29.382615085215562
24.08333041744212
69.76325767877307
33.33333041744211
16.93855324520782
67.36324080092582
13.78747722879954
24.08333041744212
75.42013355070839
71.3208960517501
33.33333041744211
66.67154179989903
80.55214615933942
72.89536787689518
68.07739594939525
12.571647604942116
67.18595347504751
24.08333041744212
66.89933362178489
28.333330417442124
73.49033046629833
69.23149926170353
45.76169063596455
24.08333041744212
27.400205417442123
73.63616788625652
17.58301458541088
28.333330417442124
69.5523489087436
28.333330417442124
67.90912771097868
79.01806429831305
67.89874592367835
30.470830417442123
79.96132340137474
33.33333041744211
33.33333041744211
25.900205417442123
71.69183186859857
19.083014585410876
20.470830417442123
30.470830417442123
30.470830417442123
24.08333041744212
20.470830417442123
17.400205417442127
68.05310644245651
25.900205417442123
73.76615096529635
19.796647604942123
29.796647604942127
30.470830417442123
33.33333041744211
75.30141697800731
67.16980896595386
82.62400560676146
73.71208525264558
24.08333041744212
24.08333041744212
69.79383034410705
23.42512608990843
80.67940676834709
66.8945999074278
73.88694176514029
69.17451784395469
73.11127245435435
24.08333041744212
22.015174167442122
33.33333041744211
14.79017416744212
33.33333041744211
33.33333041744211
72.72065530617401
33.33333041744211
71.37452742771386
69.14157901695211
73.66475011833673
33.33333041744211
27.400205417442123
33.33333041744211
33.33333041744211
28.333330417442124
14.691294239038482
76.74063134705288
33.33333041744211
30.470830417442123
33.33333041744211
69.1512835496712
24.79017416744212
24.08333041744212
33.33333041744211
33.33333041744211
20.470830417442123
67.62655717738737
30.470830417442123
20.470830417442123
27.212897604942125
27.400205417442123
15.905962526817119
17.715387153014852
55.966925903100986
20.28253972879955
75.63563525263928
24.08333041744212
20.470830417442123
75.76976747965548
70.86769850604473
33.33333041744211
81.15289249461496
73.18151284543676
70.4990896306918
33.33333041744211
38.48505534165807
67.96828973189122
33.33333041744211
78.16756893235026
54.55889684715768
71.90968179948904
72.91705664785322
20.470830417442123
25.900205417442123
67.38542068422082
70.36432132769899
67.07364117817123
22.015174167442122
76.19023964045451
30.470830417442123
33.33333041744211
22.015174167442122
20.470830417442123
72.39320214411784
73.4913108682841
76.98654668205727
24.08333041744212
33.33333041744211
68.94679067889639
33.33333041744211
71.74884893513563
28.333330417442124
20.470830417442123
33.33333041744211
78.55914175082007
24.79017416744212
75.15194292295425
61.204805639015774
22.015174167442122
74.46766187777017
27.400205417442123
25.900205417442123
72.88898286050713
18.71289760494212
33.33333041744211
20.470830417442123
70.2767141260795
76.28735199193484
33.33333041744211
70.9992700182248
66.74250825265294
67.64706807753944
33.33333041744211
20.685900026817123
33.33333041744211
80.50213743489968
82.04247279366245
68.38871251011479
70.67064685977648
75.45766468065843
33.33333041744211
69.39825250336216
76.7672960112872
33.33333041744211
33.33333041744211
33.33333041744211
33.33333041744211
33.33333041744211
24.08333041744212
67.47130826341792
82.82815558961205
32.01517416744212
46.56663245929239
80.22539619751264
68.69928551846192
33.33333041744211
77.10561173319094
55.66931424983794
59.84467237953794
79.64776996135214
33.33333041744211
67.26708067128128
70.09196409756727
67.33619581012435
28.333330417442124
24.08333041744212
33.29017416744212
20.685900026817123
77.92089692970595
18.71289760494212
22.015174167442122
15.22426458541087
33.33333041744211
67.44059437393028
33.33333041744211
17.400205417442127
68.03135063498566
24.08333041744212
